4.980746491601169279e-02 5.000000000000000000e-01 -6.170674454520499452e-01 0.000000000000000000e+00
6.117772475245799590e-01 5.000000000000000000e-01 -1.286545246384872776e+00 0.000000000000000000e+00
9.489591170897209160e-01 5.000000000000000000e-01 3.871492559471843009e-01 0.000000000000000000e+00
7.241712040462936484e-01 5.000000000000000000e-01 -2.823285449856385299e-01 0.000000000000000000e+00
4.993832910028662697e-01 5.000000000000000000e-01 1.056627056880007132e+00 0.000000000000000000e+00
4.980746491601169279e-02 5.000000000000000000e-01 -1.286545246384872776e+00 0.000000000000000000e+00
4.980746491601169279e-02 5.000000000000000000e-01 -2.823285449856385299e-01 0.000000000000000000e+00
8.365651605680072267e-01 5.000000000000000000e-01 -9.518063459184613606e-01 0.000000000000000000e+00
1.622014214377253405e-01 5.000000000000000000e-01 3.871492559471843009e-01 0.000000000000000000e+00
9.489591170897209160e-01 5.000000000000000000e-01 1.056627056880007132e+00 0.000000000000000000e+00
4.980746491601169279e-02 5.000000000000000000e-01 -9.518063459184613606e-01 0.000000000000000000e+00
9.489591170897209160e-01 5.000000000000000000e-01 -9.518063459184613606e-01 0.000000000000000000e+00
1.622014214377253405e-01 5.000000000000000000e-01 -1.286545246384872776e+00 0.000000000000000000e+00
4.993832910028662697e-01 5.000000000000000000e-01 -9.518063459184613606e-01 0.000000000000000000e+00
7.241712040462936484e-01 5.000000000000000000e-01 -1.286545246384872776e+00 0.000000000000000000e+00
3.869893344811526359e-01 5.000000000000000000e-01 -1.286545246384872776e+00 0.000000000000000000e+00
8.365651605680072267e-01 5.000000000000000000e-01 7.218881564135957163e-01 0.000000000000000000e+00
8.365651605680072267e-01 5.000000000000000000e-01 -6.170674454520499452e-01 0.000000000000000000e+00
4.993832910028662697e-01 5.000000000000000000e-01 -2.823285449856385299e-01 0.000000000000000000e+00
3.869893344811526359e-01 5.000000000000000000e-01 -6.170674454520499452e-01 0.000000000000000000e+00
4.980746491601169279e-02 5.000000000000000000e-01 7.218881564135957163e-01 0.000000000000000000e+00
2.745953779594390021e-01 5.000000000000000000e-01 -9.518063459184613606e-01 0.000000000000000000e+00
8.365651605680072267e-01 5.000000000000000000e-01 1.056627056880007132e+00 0.000000000000000000e+00
3.869893344811526359e-01 5.000000000000000000e-01 1.056627056880007132e+00 0.000000000000000000e+00
1.622014214377253405e-01 5.000000000000000000e-01 7.218881564135957163e-01 0.000000000000000000e+00
3.869893344811526359e-01 5.000000000000000000e-01 7.218881564135957163e-01 0.000000000000000000e+00
2.745953779594390021e-01 5.000000000000000000e-01 -6.170674454520499452e-01 0.000000000000000000e+00
2.745953779594390021e-01 5.000000000000000000e-01 -1.286545246384872776e+00 0.000000000000000000e+00
3.869893344811526359e-01 5.000000000000000000e-01 -9.518063459184613606e-01 0.000000000000000000e+00
6.117772475245799590e-01 5.000000000000000000e-01 3.871492559471843009e-01 0.000000000000000000e+00
8.365651605680072267e-01 5.000000000000000000e-01 -1.286545246384872776e+00 0.000000000000000000e+00
6.117772475245799590e-01 5.000000000000000000e-01 -2.823285449856385299e-01 0.000000000000000000e+00
2.745953779594390021e-01 5.000000000000000000e-01 3.871492559471843009e-01 0.000000000000000000e+00
3.869893344811526359e-01 5.000000000000000000e-01 3.871492559471843009e-01 0.000000000000000000e+00
7.241712040462936484e-01 5.000000000000000000e-01 5.241035548077288553e-02 0.000000000000000000e+00
2.745953779594390021e-01 5.000000000000000000e-01 1.056627056880007132e+00 0.000000000000000000e+00
6.117772475245799590e-01 5.000000000000000000e-01 7.218881564135957163e-01 0.000000000000000000e+00
9.489591170897209160e-01 5.000000000000000000e-01 -1.286545246384872776e+00 0.000000000000000000e+00
3.869893344811526359e-01 5.000000000000000000e-01 -2.823285449856385299e-01 0.000000000000000000e+00
4.993832910028662697e-01 5.000000000000000000e-01 -1.286545246384872776e+00 0.000000000000000000e+00
1.622014214377253405e-01 5.000000000000000000e-01 -9.518063459184613606e-01 0.000000000000000000e+00
9.489591170897209160e-01 5.000000000000000000e-01 5.241035548077288553e-02 0.000000000000000000e+00
7.241712040462936484e-01 5.000000000000000000e-01 -9.518063459184613606e-01 0.000000000000000000e+00
1.622014214377253405e-01 5.000000000000000000e-01 1.056627056880007132e+00 0.000000000000000000e+00
7.241712040462936484e-01 5.000000000000000000e-01 -6.170674454520499452e-01 0.000000000000000000e+00
9.489591170897209160e-01 5.000000000000000000e-01 7.218881564135957163e-01 0.000000000000000000e+00
9.489591170897209160e-01 5.000000000000000000e-01 -6.170674454520499452e-01 0.000000000000000000e+00
8.365651605680072267e-01 5.000000000000000000e-01 3.871492559471843009e-01 0.000000000000000000e+00
4.993832910028662697e-01 5.000000000000000000e-01 7.218881564135957163e-01 0.000000000000000000e+00
2.745953779594390021e-01 5.000000000000000000e-01 -2.823285449856385299e-01 0.000000000000000000e+00
9.489591170897209160e-01 5.000000000000000000e-01 -2.823285449856385299e-01 0.000000000000000000e+00
7.241712040462936484e-01 5.000000000000000000e-01 3.871492559471843009e-01 0.000000000000000000e+00
4.993832910028662697e-01 5.000000000000000000e-01 -6.170674454520499452e-01 0.000000000000000000e+00
6.117772475245799590e-01 5.000000000000000000e-01 -6.170674454520499452e-01 0.000000000000000000e+00
8.365651605680072267e-01 5.000000000000000000e-01 5.241035548077288553e-02 0.000000000000000000e+00
4.980746491601169279e-02 5.000000000000000000e-01 3.871492559471843009e-01 0.000000000000000000e+00
1.622014214377253405e-01 5.000000000000000000e-01 5.241035548077288553e-02 0.000000000000000000e+00
6.117772475245799590e-01 5.000000000000000000e-01 1.056627056880007132e+00 0.000000000000000000e+00
1.622014214377253405e-01 5.000000000000000000e-01 -2.823285449856385299e-01 0.000000000000000000e+00
2.745953779594390021e-01 5.000000000000000000e-01 5.241035548077288553e-02 0.000000000000000000e+00
6.117772475245799590e-01 5.000000000000000000e-01 5.241035548077288553e-02 0.000000000000000000e+00
3.869893344811526359e-01 5.000000000000000000e-01 5.241035548077288553e-02 0.000000000000000000e+00
1.622014214377253405e-01 5.000000000000000000e-01 -6.170674454520499452e-01 0.000000000000000000e+00
8.365651605680072267e-01 5.000000000000000000e-01 -2.823285449856385299e-01 0.000000000000000000e+00
4.980746491601169279e-02 5.000000000000000000e-01 5.241035548077288553e-02 0.000000000000000000e+00
4.993832910028662697e-01 5.000000000000000000e-01 5.241035548077288553e-02 0.000000000000000000e+00
4.980746491601169279e-02 5.000000000000000000e-01 1.056627056880007132e+00 0.000000000000000000e+00
2.745953779594390021e-01 5.000000000000000000e-01 7.218881564135957163e-01 0.000000000000000000e+00
7.241712040462936484e-01 5.000000000000000000e-01 7.218881564135957163e-01 0.000000000000000000e+00
6.117772475245799590e-01 5.000000000000000000e-01 -9.518063459184613606e-01 0.000000000000000000e+00
7.241712040462936484e-01 5.000000000000000000e-01 1.056627056880007132e+00 0.000000000000000000e+00
4.993832910028662697e-01 5.000000000000000000e-01 3.871492559471843009e-01 0.000000000000000000e+00
