7.719909432130328542e-01 5.000000000000000000e-01 -4.035824270715838158e-01 0.000000000000000000e+00
4.619013825362431880e-01 5.000000000000000000e-01 -4.035824270715838158e-01 0.000000000000000000e+00
4.903635257750680321e-01 5.000000000000000000e-01 -4.035824270715838158e-01 0.000000000000000000e+00
4.043227727292430518e-01 5.000000000000000000e-01 -1.493569993778071758e+00 0.000000000000000000e+00
5.183728861710381608e-01 5.000000000000000000e-01 -1.493569993778071758e+00 0.000000000000000000e+00
5.004880293578689576e-01 5.000000000000000000e-01 -1.493569993778071758e+00 0.000000000000000000e+00
5.710518820787213734e-01 5.000000000000000000e-01 4.488411237236528128e-01 0.000000000000000000e+00
5.058771124510952344e-01 5.000000000000000000e-01 4.488411237236528128e-01 0.000000000000000000e+00
4.976437475129039667e-01 5.000000000000000000e-01 4.488411237236528128e-01 0.000000000000000000e+00
3.437662748199059592e-01 5.000000000000000000e-01 -7.518552462524155655e-02 0.000000000000000000e+00
4.932759999905218518e-01 5.000000000000000000e-01 -7.518552462524155655e-02 0.000000000000000000e+00
5.012136557886450738e-01 5.000000000000000000e-01 -7.518552462524155655e-02 0.000000000000000000e+00
1.471998460135987008e-01 5.000000000000000000e-01 5.778457963228855743e-01 0.000000000000000000e+00
4.616459909216709123e-01 5.000000000000000000e-01 5.778457963228855743e-01 0.000000000000000000e+00
4.955465288610256813e-01 5.000000000000000000e-01 5.778457963228855743e-01 0.000000000000000000e+00
3.748371418805558353e-01 5.000000000000000000e-01 -5.344063962047862493e-01 0.000000000000000000e+00
5.128663452616830654e-01 5.000000000000000000e-01 -5.344063962047862493e-01 0.000000000000000000e+00
4.995061853565634369e-01 5.000000000000000000e-01 -5.344063962047862493e-01 0.000000000000000000e+00
1.040145575905924991e-01 5.000000000000000000e-01 -9.363244206775176437e-01 0.000000000000000000e+00
3.806064470736546523e-01 5.000000000000000000e-01 -9.363244206775176437e-01 0.000000000000000000e+00
5.085876998429635920e-01 5.000000000000000000e-01 -9.363244206775176437e-01 0.000000000000000000e+00
2.990096475330687453e-01 5.000000000000000000e-01 7.930537011465396136e-01 0.000000000000000000e+00
4.702253533479791581e-01 5.000000000000000000e-01 7.930537011465396136e-01 0.000000000000000000e+00
4.998689897903969004e-01 5.000000000000000000e-01 7.930537011465396136e-01 0.000000000000000000e+00
3.436942055646174943e-01 5.000000000000000000e-01 1.278491099588438429e+00 0.000000000000000000e+00
5.270458463405753857e-01 5.000000000000000000e-01 1.278491099588438429e+00 0.000000000000000000e+00
4.826123261095688344e-01 5.000000000000000000e-01 1.278491099588438429e+00 0.000000000000000000e+00
2.664912457319142391e-01 5.000000000000000000e-01 -4.485527612943702724e-01 0.000000000000000000e+00
5.552774266995550434e-01 5.000000000000000000e-01 -4.485527612943702724e-01 0.000000000000000000e+00
5.055119037515813929e-01 5.000000000000000000e-01 -4.485527612943702724e-01 0.000000000000000000e+00
8.246577870594296034e-01 5.000000000000000000e-01 1.558922153450811088e+00 0.000000000000000000e+00
5.636308408956998139e-01 5.000000000000000000e-01 1.558922153450811088e+00 0.000000000000000000e+00
5.262080970112525957e-01 5.000000000000000000e-01 1.558922153450811088e+00 0.000000000000000000e+00
8.774517833809689638e-01 5.000000000000000000e-01 -7.598187393642436005e-01 0.000000000000000000e+00
5.584563148968627599e-01 5.000000000000000000e-01 -7.598187393642436005e-01 0.000000000000000000e+00
5.009091424971422457e-01 5.000000000000000000e-01 -7.598187393642436005e-01 0.000000000000000000e+00
7.564480795486177023e-01 5.000000000000000000e-01 4.471565780812436497e-01 0.000000000000000000e+00
4.676269940006487214e-01 5.000000000000000000e-01 4.471565780812436497e-01 0.000000000000000000e+00
4.982603014839624422e-01 5.000000000000000000e-01 4.471565780812436497e-01 0.000000000000000000e+00
2.306639758817495001e-01 5.000000000000000000e-01 -6.016247855537486255e-02 0.000000000000000000e+00
5.291599139178652100e-01 5.000000000000000000e-01 -6.016247855537486255e-02 0.000000000000000000e+00
5.082014589226981904e-01 5.000000000000000000e-01 -6.016247855537486255e-02 0.000000000000000000e+00
1.720980376564569536e-02 5.000000000000000000e-01 -1.618782744342674773e+00 0.000000000000000000e+00
2.767402351570789065e-01 5.000000000000000000e-01 -1.618782744342674773e+00 0.000000000000000000e+00
5.362706665485121871e-01 5.000000000000000000e-01 -1.618782744342674773e+00 0.000000000000000000e+00
3.366718081584279543e-01 5.000000000000000000e-01 -1.152710746573385903e+00 0.000000000000000000e+00
4.592434027803402041e-01 5.000000000000000000e-01 -1.152710746573385903e+00 0.000000000000000000e+00
5.068214318367230131e-01 5.000000000000000000e-01 -1.152710746573385903e+00 0.000000000000000000e+00
1.697868485881163236e-01 5.000000000000000000e-01 -5.898619064287178304e-01 0.000000000000000000e+00
4.550403009273984445e-01 5.000000000000000000e-01 -5.898619064287178304e-01 0.000000000000000000e+00
5.166895509873979941e-01 5.000000000000000000e-01 -5.898619064287178304e-01 0.000000000000000000e+00
2.886043876726894775e-01 5.000000000000000000e-01 1.548302669959848776e+00 0.000000000000000000e+00
4.787013177079326720e-01 5.000000000000000000e-01 1.548302669959848776e+00 0.000000000000000000e+00
4.979544914256462951e-01 5.000000000000000000e-01 1.548302669959848776e+00 0.000000000000000000e+00
5.700326731781389933e-01 5.000000000000000000e-01 -1.202354243545108003e+00 0.000000000000000000e+00
5.014221131738968440e-01 5.000000000000000000e-01 -1.202354243545108003e+00 0.000000000000000000e+00
4.908176501165517625e-01 5.000000000000000000e-01 -1.202354243545108003e+00 0.000000000000000000e+00
7.313530938291834538e-01 5.000000000000000000e-01 1.648058598793016305e+00 0.000000000000000000e+00
4.725545587990087615e-01 5.000000000000000000e-01 1.648058598793016305e+00 0.000000000000000000e+00
5.039387298550799255e-01 5.000000000000000000e-01 1.648058598793016305e+00 0.000000000000000000e+00
3.949620894261695603e-01 5.000000000000000000e-01 1.950068158217322656e-01 0.000000000000000000e+00
4.762330575424303936e-01 5.000000000000000000e-01 1.950068158217322656e-01 0.000000000000000000e+00
5.005626209692563000e-01 5.000000000000000000e-01 1.950068158217322656e-01 0.000000000000000000e+00
2.732017413085375823e-01 5.000000000000000000e-01 -1.199363640740075843e+00 0.000000000000000000e+00
5.432176502900357695e-01 5.000000000000000000e-01 -1.199363640740075843e+00 0.000000000000000000e+00
5.034162653577796132e-01 5.000000000000000000e-01 -1.199363640740075843e+00 0.000000000000000000e+00
7.874681066014926900e-01 5.000000000000000000e-01 -1.357648076657108627e-01 0.000000000000000000e+00
4.840739864098498324e-01 5.000000000000000000e-01 -1.357648076657108627e-01 0.000000000000000000e+00
5.001342592494896211e-01 5.000000000000000000e-01 -1.357648076657108627e-01 0.000000000000000000e+00
3.682427698401851135e-01 5.000000000000000000e-01 -7.989954776480680254e-02 0.000000000000000000e+00
5.176346444323118856e-01 5.000000000000000000e-01 -7.989954776480680254e-02 0.000000000000000000e+00
4.961827627069090862e-01 5.000000000000000000e-01 -7.989954776480680254e-02 0.000000000000000000e+00
7.871263399262131699e-01 5.000000000000000000e-01 -4.676101773442598031e-01 0.000000000000000000e+00
4.754360854926065749e-01 5.000000000000000000e-01 -4.676101773442598031e-01 0.000000000000000000e+00
5.022975349746144902e-01 5.000000000000000000e-01 -4.676101773442598031e-01 0.000000000000000000e+00
1.227921894834960170e-01 5.000000000000000000e-01 1.941954040371919044e-01 0.000000000000000000e+00
4.276470745844259125e-01 5.000000000000000000e-01 1.941954040371919044e-01 0.000000000000000000e+00
5.088977574060732367e-01 5.000000000000000000e-01 1.941954040371919044e-01 0.000000000000000000e+00
2.744871245736414389e-01 5.000000000000000000e-01 2.314269689331641400e-01 0.000000000000000000e+00
4.316621620832174488e-01 5.000000000000000000e-01 2.314269689331641400e-01 0.000000000000000000e+00
5.138436340272640734e-01 5.000000000000000000e-01 2.314269689331641400e-01 0.000000000000000000e+00
7.270465613415191264e-01 5.000000000000000000e-01 8.719368667149067775e-01 0.000000000000000000e+00
4.488449830093917403e-01 5.000000000000000000e-01 8.719368667149067775e-01 0.000000000000000000e+00
5.091951085928788645e-01 5.000000000000000000e-01 8.719368667149067775e-01 0.000000000000000000e+00
6.823092127563527010e-01 5.000000000000000000e-01 -1.069316783815074112e-01 0.000000000000000000e+00
5.282465575105681488e-01 5.000000000000000000e-01 -1.069316783815074112e-01 0.000000000000000000e+00
5.061188725197478533e-01 5.000000000000000000e-01 -1.069316783815074112e-01 0.000000000000000000e+00
7.205952906315131745e-01 5.000000000000000000e-01 -8.402815959344599461e-01 0.000000000000000000e+00
5.481988874469047035e-01 5.000000000000000000e-01 -8.402815959344599461e-01 0.000000000000000000e+00
5.077374545172606002e-01 5.000000000000000000e-01 -8.402815959344599461e-01 0.000000000000000000e+00
6.620113197545960393e-01 5.000000000000000000e-01 2.915668264368450058e-01 0.000000000000000000e+00
5.179111271292702323e-01 5.000000000000000000e-01 2.915668264368450058e-01 0.000000000000000000e+00
5.057459047589087930e-01 5.000000000000000000e-01 2.915668264368450058e-01 0.000000000000000000e+00
5.503331495665252093e-02 5.000000000000000000e-01 -1.272155338850551320e+00 0.000000000000000000e+00
3.232294314853888517e-01 5.000000000000000000e-01 -1.272155338850551320e+00 0.000000000000000000e+00
4.428149113003719828e-01 5.000000000000000000e-01 -1.272155338850551320e+00 0.000000000000000000e+00
2.331478562274431898e-01 5.000000000000000000e-01 1.300694750393853072e+00 0.000000000000000000e+00
5.656652249872896610e-01 5.000000000000000000e-01 1.300694750393853072e+00 0.000000000000000000e+00
5.217867960264184202e-01 5.000000000000000000e-01 1.300694750393853072e+00 0.000000000000000000e+00
4.595002783653398537e-01 5.000000000000000000e-01 1.206717682047143692e+00 0.000000000000000000e+00
4.994855143302726619e-01 5.000000000000000000e-01 1.206717682047143692e+00 0.000000000000000000e+00
4.911017524658368161e-01 5.000000000000000000e-01 1.206717682047143692e+00 0.000000000000000000e+00
4.371988330969713843e-01 5.000000000000000000e-01 4.993670469820527535e-01 0.000000000000000000e+00
4.882347131871371260e-01 5.000000000000000000e-01 4.993670469820527535e-01 0.000000000000000000e+00
5.007188893616884018e-01 5.000000000000000000e-01 4.993670469820527535e-01 0.000000000000000000e+00
6.715464133521809043e-01 5.000000000000000000e-01 1.200959977013091429e+00 0.000000000000000000e+00
5.501810494912612315e-01 5.000000000000000000e-01 1.200959977013091429e+00 0.000000000000000000e+00
5.038092511958709441e-01 5.000000000000000000e-01 1.200959977013091429e+00 0.000000000000000000e+00
1.479806028436648213e-01 5.000000000000000000e-01 6.252538930438058529e-01 0.000000000000000000e+00
4.636119501697600342e-01 5.000000000000000000e-01 6.252538930438058529e-01 0.000000000000000000e+00
4.986976905271378047e-01 5.000000000000000000e-01 6.252538930438058529e-01 0.000000000000000000e+00
8.521259372584002456e-01 5.000000000000000000e-01 1.540205033681635971e+00 0.000000000000000000e+00
5.906310631004410006e-01 5.000000000000000000e-01 1.540205033681635971e+00 0.000000000000000000e+00
4.777468256562349969e-01 5.000000000000000000e-01 1.540205033681635971e+00 0.000000000000000000e+00
8.279608664584796607e-01 5.000000000000000000e-01 -1.168355891097592192e+00 0.000000000000000000e+00
4.987519691810397560e-01 5.000000000000000000e-01 -1.168355891097592192e+00 0.000000000000000000e+00
5.080947758192143615e-01 5.000000000000000000e-01 -1.168355891097592192e+00 0.000000000000000000e+00
2.827354791052762994e-01 5.000000000000000000e-01 -1.493728114570756604e+00 0.000000000000000000e+00
5.453922762410075009e-01 5.000000000000000000e-01 -1.493728114570756604e+00 0.000000000000000000e+00
4.982317794629843588e-01 5.000000000000000000e-01 -1.493728114570756604e+00 0.000000000000000000e+00
1.603645553689553305e-01 5.000000000000000000e-01 -8.473133771667987757e-01 0.000000000000000000e+00
4.391817209397854693e-01 5.000000000000000000e-01 -8.473133771667987757e-01 0.000000000000000000e+00
4.943946842313330370e-01 5.000000000000000000e-01 -8.473133771667987757e-01 0.000000000000000000e+00
4.515228426682412755e-01 5.000000000000000000e-01 -4.192634046396383485e-01 0.000000000000000000e+00
5.174370552729677941e-01 5.000000000000000000e-01 -4.192634046396383485e-01 0.000000000000000000e+00
5.020013572409861569e-01 5.000000000000000000e-01 -4.192634046396383485e-01 0.000000000000000000e+00
8.809063558270815442e-01 5.000000000000000000e-01 9.191401620572240416e-01 0.000000000000000000e+00
6.038848598785120370e-01 5.000000000000000000e-01 9.191401620572240416e-01 0.000000000000000000e+00
4.754740006436957156e-01 5.000000000000000000e-01 9.191401620572240416e-01 0.000000000000000000e+00
5.222309236861539805e-01 5.000000000000000000e-01 -1.093368753910938518e-01 0.000000000000000000e+00
5.000431087700940580e-01 5.000000000000000000e-01 -1.093368753910938518e-01 0.000000000000000000e+00
4.998096868853166841e-01 5.000000000000000000e-01 -1.093368753910938518e-01 0.000000000000000000e+00
8.431979638532115517e-01 5.000000000000000000e-01 1.492470103606521603e-01 0.000000000000000000e+00
5.469291391122277357e-01 5.000000000000000000e-01 1.492470103606521603e-01 0.000000000000000000e+00
5.121086104556296092e-01 5.000000000000000000e-01 1.492470103606521603e-01 0.000000000000000000e+00
4.506350206454264318e-01 5.000000000000000000e-01 -7.712779660104945867e-01 0.000000000000000000e+00
5.077488692158815820e-01 5.000000000000000000e-01 -7.712779660104945867e-01 0.000000000000000000e+00
4.982842139793734471e-01 5.000000000000000000e-01 -7.712779660104945867e-01 0.000000000000000000e+00
2.702923449435068459e-01 5.000000000000000000e-01 1.527688676004907098e+00 0.000000000000000000e+00
4.598739251298764596e-01 5.000000000000000000e-01 1.527688676004907098e+00 0.000000000000000000e+00
5.005661420299991615e-01 5.000000000000000000e-01 1.527688676004907098e+00 0.000000000000000000e+00
2.983963223456256308e-01 5.000000000000000000e-01 5.140415361708228215e-01 0.000000000000000000e+00
4.626367240361431432e-01 5.000000000000000000e-01 5.140415361708228215e-01 0.000000000000000000e+00
4.949421554716962879e-01 5.000000000000000000e-01 5.140415361708228215e-01 0.000000000000000000e+00
6.678688095294831317e-01 5.000000000000000000e-01 -1.541667213545147908e+00 0.000000000000000000e+00
4.779377659046075144e-01 5.000000000000000000e-01 -1.541667213545147908e+00 0.000000000000000000e+00
5.157918832866963399e-01 5.000000000000000000e-01 -1.541667213545147908e+00 0.000000000000000000e+00
6.274291267924888560e-01 5.000000000000000000e-01 1.166679370111946418e-01 0.000000000000000000e+00
4.789564619315218041e-01 5.000000000000000000e-01 1.166679370111946418e-01 0.000000000000000000e+00
5.013275533880843238e-01 5.000000000000000000e-01 1.166679370111946418e-01 0.000000000000000000e+00
1.801762030250063928e-01 5.000000000000000000e-01 1.596597182974878626e+00 0.000000000000000000e+00
5.200911325993784473e-01 5.000000000000000000e-01 1.596597182974878626e+00 0.000000000000000000e+00
4.836102644530329009e-01 5.000000000000000000e-01 1.596597182974878626e+00 0.000000000000000000e+00
9.430439398729978384e-01 5.000000000000000000e-01 4.610698511723314574e-01 0.000000000000000000e+00
6.545706861523060693e-01 5.000000000000000000e-01 4.610698511723314574e-01 0.000000000000000000e+00
5.147080691453674861e-01 5.000000000000000000e-01 4.610698511723314574e-01 0.000000000000000000e+00
2.606591835235085863e-01 5.000000000000000000e-01 9.797043896559602949e-01 0.000000000000000000e+00
4.365411565511545522e-01 5.000000000000000000e-01 9.797043896559602949e-01 0.000000000000000000e+00
4.995854702081680143e-01 5.000000000000000000e-01 9.797043896559602949e-01 0.000000000000000000e+00
5.771877049360316647e-01 5.000000000000000000e-01 1.509724768673891937e+00 0.000000000000000000e+00
4.635414608666320602e-01 5.000000000000000000e-01 1.509724768673891937e+00 0.000000000000000000e+00
4.987845800834793675e-01 5.000000000000000000e-01 1.509724768673891937e+00 0.000000000000000000e+00
5.026650773665523042e-01 5.000000000000000000e-01 8.958415365108025608e-01 0.000000000000000000e+00
5.056067227480397497e-01 5.000000000000000000e-01 8.958415365108025608e-01 0.000000000000000000e+00
5.085483681295271952e-01 5.000000000000000000e-01 8.958415365108025608e-01 0.000000000000000000e+00
4.939473934783220610e-01 5.000000000000000000e-01 -1.188969517045718849e+00 0.000000000000000000e+00
5.027748594677935445e-01 5.000000000000000000e-01 -1.188969517045718849e+00 0.000000000000000000e+00
4.925050145729331641e-01 5.000000000000000000e-01 -1.188969517045718849e+00 0.000000000000000000e+00
6.507996282388692766e-01 5.000000000000000000e-01 -1.336657173646576269e-01 0.000000000000000000e+00
4.960686220185058781e-01 5.000000000000000000e-01 -1.336657173646576269e-01 0.000000000000000000e+00
4.976810920003801320e-01 5.000000000000000000e-01 -1.336657173646576269e-01 0.000000000000000000e+00
4.812053996175129633e-01 5.000000000000000000e-01 1.272591815226463141e-01 0.000000000000000000e+00
5.038412721868616995e-01 5.000000000000000000e-01 1.272591815226463141e-01 0.000000000000000000e+00
5.020686388089371510e-01 5.000000000000000000e-01 1.272591815226463141e-01 0.000000000000000000e+00
8.749102159903361375e-01 5.000000000000000000e-01 8.059485773595438385e-01 0.000000000000000000e+00
5.950589304243246724e-01 5.000000000000000000e-01 8.059485773595438385e-01 0.000000000000000000e+00
4.638182815720663932e-01 5.000000000000000000e-01 8.059485773595438385e-01 0.000000000000000000e+00
8.783080739132008430e-02 5.000000000000000000e-01 1.250778078384627623e+00 0.000000000000000000e+00
4.191002593509358665e-01 5.000000000000000000e-01 1.250778078384627623e+00 0.000000000000000000e+00
4.889214152261660007e-01 5.000000000000000000e-01 1.250778078384627623e+00 0.000000000000000000e+00
7.344024268584118387e-01 5.000000000000000000e-01 -1.223500950863254610e+00 0.000000000000000000e+00
5.524255398005835094e-01 5.000000000000000000e-01 -1.223500950863254610e+00 0.000000000000000000e+00
5.023836229977195478e-01 5.000000000000000000e-01 -1.223500950863254610e+00 0.000000000000000000e+00
9.171079942127882134e-01 5.000000000000000000e-01 -1.761681010073815334e-01 0.000000000000000000e+00
6.127037916876036938e-01 5.000000000000000000e-01 -1.761681010073815334e-01 0.000000000000000000e+00
5.319037914417016344e-01 5.000000000000000000e-01 -1.761681010073815334e-01 0.000000000000000000e+00
9.424944367927564626e-01 5.000000000000000000e-01 -1.600938838439772693e+00 0.000000000000000000e+00
6.024709658317620731e-01 5.000000000000000000e-01 -1.600938838439772693e+00 0.000000000000000000e+00
4.860516971500502548e-01 5.000000000000000000e-01 -1.600938838439772693e+00 0.000000000000000000e+00
9.711086336642116290e-01 5.000000000000000000e-01 1.261606119456713193e+00 0.000000000000000000e+00
7.026487866506293534e-01 5.000000000000000000e-01 1.261606119456713193e+00 0.000000000000000000e+00
4.341889396370470777e-01 5.000000000000000000e-01 1.261606119456713193e+00 0.000000000000000000e+00
7.393477755293680342e-01 5.000000000000000000e-01 5.306403917327288111e-01 0.000000000000000000e+00
4.526137853226861463e-01 5.000000000000000000e-01 5.306403917327288111e-01 0.000000000000000000e+00
5.044314990316187686e-01 5.000000000000000000e-01 5.306403917327288111e-01 0.000000000000000000e+00
7.453892366749876874e-01 5.000000000000000000e-01 -1.440793188250278467e+00 0.000000000000000000e+00
5.579800436824837728e-01 5.000000000000000000e-01 -1.440793188250278467e+00 0.000000000000000000e+00
5.025058209449442259e-01 5.000000000000000000e-01 -1.440793188250278467e+00 0.000000000000000000e+00
4.882179228493635503e-01 5.000000000000000000e-01 -1.507354624585563130e+00 0.000000000000000000e+00
4.890857611503389157e-01 5.000000000000000000e-01 -1.507354624585563130e+00 0.000000000000000000e+00
4.899535994513142811e-01 5.000000000000000000e-01 -1.507354624585563130e+00 0.000000000000000000e+00
4.832199874256520311e-01 5.000000000000000000e-01 -8.039920152435178213e-01 0.000000000000000000e+00
5.016718909601785015e-01 5.000000000000000000e-01 -8.039920152435178213e-01 0.000000000000000000e+00
5.010264836103731634e-01 5.000000000000000000e-01 -8.039920152435178213e-01 0.000000000000000000e+00
7.318548547930678883e-01 5.000000000000000000e-01 5.732598091984223432e-01 0.000000000000000000e+00
4.461863500230283663e-01 5.000000000000000000e-01 5.732598091984223432e-01 0.000000000000000000e+00
4.990695491686033547e-01 5.000000000000000000e-01 5.732598091984223432e-01 0.000000000000000000e+00
8.800951862876273957e-01 5.000000000000000000e-01 1.184997161323501524e+00 0.000000000000000000e+00
6.097201153207147950e-01 5.000000000000000000e-01 1.184997161323501524e+00 0.000000000000000000e+00
4.879556810675553802e-01 5.000000000000000000e-01 1.184997161323501524e+00 0.000000000000000000e+00
8.169753034376763257e-01 5.000000000000000000e-01 -1.595800766480723665e+00 0.000000000000000000e+00
4.770802842756581286e-01 5.000000000000000000e-01 -1.595800766480723665e+00 0.000000000000000000e+00
5.135810628343575601e-01 5.000000000000000000e-01 -1.595800766480723665e+00 0.000000000000000000e+00
4.479075207056416041e-01 5.000000000000000000e-01 5.389428108709459764e-01 0.000000000000000000e+00
4.999327948930297194e-01 5.000000000000000000e-01 5.389428108709459764e-01 0.000000000000000000e+00
5.035890712510491252e-01 5.000000000000000000e-01 5.389428108709459764e-01 0.000000000000000000e+00
6.164907831386675641e-01 5.000000000000000000e-01 1.196531386556682675e+00 0.000000000000000000e+00
4.950147045163377224e-01 5.000000000000000000e-01 1.196531386556682675e+00 0.000000000000000000e+00
5.054735961489721374e-01 5.000000000000000000e-01 1.196531386556682675e+00 0.000000000000000000e+00
5.803048030758138909e-01 5.000000000000000000e-01 1.549157154339847242e+00 0.000000000000000000e+00
4.676443686480631357e-01 5.000000000000000000e-01 1.549157154339847242e+00 0.000000000000000000e+00
5.014191845905686673e-01 5.000000000000000000e-01 1.549157154339847242e+00 0.000000000000000000e+00
7.846079297731638480e-01 5.000000000000000000e-01 -1.159885636399592634e+00 0.000000000000000000e+00
4.556107888631739100e-01 5.000000000000000000e-01 -1.159885636399592634e+00 0.000000000000000000e+00
5.030094456739016007e-01 5.000000000000000000e-01 -1.159885636399592634e+00 0.000000000000000000e+00
5.456186157439282258e-01 5.000000000000000000e-01 1.319742543024805759e+00 0.000000000000000000e+00
5.022163815988308633e-01 5.000000000000000000e-01 1.319742543024805759e+00 0.000000000000000000e+00
4.966582412588365636e-01 5.000000000000000000e-01 1.319742543024805759e+00 0.000000000000000000e+00
3.291124276339066901e-01 5.000000000000000000e-01 -4.488478114921744533e-01 0.000000000000000000e+00
4.692805956328492401e-01 5.000000000000000000e-01 -4.488478114921744533e-01 0.000000000000000000e+00
4.966111042611593418e-01 5.000000000000000000e-01 -4.488478114921744533e-01 0.000000000000000000e+00
4.606437772747936643e-01 5.000000000000000000e-01 1.211960352166866040e+00 0.000000000000000000e+00
5.007600799927195423e-01 5.000000000000000000e-01 1.211960352166866040e+00 0.000000000000000000e+00
4.925073848812767663e-01 5.000000000000000000e-01 1.211960352166866040e+00 0.000000000000000000e+00
5.314969914561891162e-01 5.000000000000000000e-01 -1.268516958424284580e+00 0.000000000000000000e+00
4.997840674955820184e-01 5.000000000000000000e-01 -1.268516958424284580e+00 0.000000000000000000e+00
5.066228474505893864e-01 5.000000000000000000e-01 -1.268516958424284580e+00 0.000000000000000000e+00
3.649277441281837397e-01 5.000000000000000000e-01 -9.255828369052164772e-01 0.000000000000000000e+00
4.931775364918002391e-01 5.000000000000000000e-01 -9.255828369052164772e-01 0.000000000000000000e+00
5.085896694847842348e-01 5.000000000000000000e-01 -9.255828369052164772e-01 0.000000000000000000e+00
1.666447201715806070e-01 5.000000000000000000e-01 -1.206955664276712498e-01 0.000000000000000000e+00
4.636273310108889323e-01 5.000000000000000000e-01 -1.206955664276712498e-01 0.000000000000000000e+00
4.991616457658116235e-01 5.000000000000000000e-01 -1.206955664276712498e-01 0.000000000000000000e+00
5.992318160314513698e-01 5.000000000000000000e-01 7.941820565233406182e-01 0.000000000000000000e+00
4.676970041582879656e-01 5.000000000000000000e-01 7.941820565233406182e-01 0.000000000000000000e+00
4.973688494851257191e-01 5.000000000000000000e-01 7.941820565233406182e-01 0.000000000000000000e+00
4.198118860424130405e-01 5.000000000000000000e-01 1.614420752556062100e+00 0.000000000000000000e+00
4.987241087719290755e-01 5.000000000000000000e-01 1.614420752556062100e+00 0.000000000000000000e+00
5.005329236702161788e-01 5.000000000000000000e-01 1.614420752556062100e+00 0.000000000000000000e+00
4.607187883018001306e-01 5.000000000000000000e-01 8.482867276557677361e-01 0.000000000000000000e+00
5.013803495244769648e-01 5.000000000000000000e-01 8.482867276557677361e-01 0.000000000000000000e+00
5.031331246845885952e-01 5.000000000000000000e-01 8.482867276557677361e-01 0.000000000000000000e+00
2.766010354792834414e-01 5.000000000000000000e-01 -1.492618753225987804e+00 0.000000000000000000e+00
5.392855666486338073e-01 5.000000000000000000e-01 -1.492618753225987804e+00 0.000000000000000000e+00
4.994700978179841266e-01 5.000000000000000000e-01 -1.492618753225987804e+00 0.000000000000000000e+00
3.493331634316766965e-01 5.000000000000000000e-01 -1.224183026860053092e+00 0.000000000000000000e+00
4.701179510464222888e-01 5.000000000000000000e-01 -1.224183026860053092e+00 0.000000000000000000e+00
5.159091730956384403e-01 5.000000000000000000e-01 -1.224183026860053092e+00 0.000000000000000000e+00
6.266784914430131304e-01 5.000000000000000000e-01 -4.192536834349902541e-01 0.000000000000000000e+00
4.648077860708914599e-01 5.000000000000000000e-01 -4.192536834349902541e-01 0.000000000000000000e+00
4.928781479006311694e-01 5.000000000000000000e-01 -4.192536834349902541e-01 0.000000000000000000e+00
4.622234182183297957e-01 5.000000000000000000e-01 9.413879873966686240e-01 0.000000000000000000e+00
4.955754118170007660e-01 5.000000000000000000e-01 9.413879873966686240e-01 0.000000000000000000e+00
4.996557184706348909e-01 5.000000000000000000e-01 9.413879873966686240e-01 0.000000000000000000e+00
7.642586967492044359e-01 5.000000000000000000e-01 1.581111347677104373e-01 0.000000000000000000e+00
4.682114751183970580e-01 5.000000000000000000e-01 1.581111347677104373e-01 0.000000000000000000e+00
4.916186465188724375e-01 5.000000000000000000e-01 1.581111347677104373e-01 0.000000000000000000e+00
9.318884263691195047e-01 5.000000000000000000e-01 -5.858775788841784626e-01 0.000000000000000000e+00
6.172414868970149682e-01 5.000000000000000000e-01 -5.858775788841784626e-01 0.000000000000000000e+00
5.261987497041930029e-01 5.000000000000000000e-01 -5.858775788841784626e-01 0.000000000000000000e+00
4.435468556074262936e-01 5.000000000000000000e-01 1.504341160170116654e+00 0.000000000000000000e+00
5.006097776429617729e-01 5.000000000000000000e-01 1.504341160170116654e+00 0.000000000000000000e+00
4.996666027316002401e-01 5.000000000000000000e-01 1.504341160170116654e+00 0.000000000000000000e+00
3.975546563693777569e-01 5.000000000000000000e-01 -6.631126705376640118e-02 0.000000000000000000e+00
4.722926724137511134e-01 5.000000000000000000e-01 -6.631126705376640118e-02 0.000000000000000000e+00
5.091865946530214071e-01 5.000000000000000000e-01 -6.631126705376640118e-02 0.000000000000000000e+00
1.609437166409483644e-01 5.000000000000000000e-01 8.491213402283046552e-01 0.000000000000000000e+00
4.821717501466560307e-01 5.000000000000000000e-01 8.491213402283046552e-01 0.000000000000000000e+00
5.008997836523636504e-01 5.000000000000000000e-01 8.491213402283046552e-01 0.000000000000000000e+00
6.288452462965867795e-01 5.000000000000000000e-01 1.921801345426245033e-01 0.000000000000000000e+00
4.822603863739054475e-01 5.000000000000000000e-01 1.921801345426245033e-01 0.000000000000000000e+00
4.968821836512253287e-01 5.000000000000000000e-01 1.921801345426245033e-01 0.000000000000000000e+00
7.152510680894763606e-01 5.000000000000000000e-01 -7.791767105407229055e-01 0.000000000000000000e+00
5.443822870397113656e-01 5.000000000000000000e-01 -7.791767105407229055e-01 0.000000000000000000e+00
5.054484762449107382e-01 5.000000000000000000e-01 -7.791767105407229055e-01 0.000000000000000000e+00
3.614660472706248684e-01 5.000000000000000000e-01 -5.248234429988846150e-01 0.000000000000000000e+00
4.997348244818996532e-01 5.000000000000000000e-01 -5.248234429988846150e-01 0.000000000000000000e+00
4.964315323206817676e-01 5.000000000000000000e-01 -5.248234429988846150e-01 0.000000000000000000e+00
2.270398808353592535e-01 5.000000000000000000e-01 -9.080021312965258495e-01 0.000000000000000000e+00
5.043398275529462627e-01 5.000000000000000000e-01 -9.080021312965258495e-01 0.000000000000000000e+00
5.010941673018157738e-01 5.000000000000000000e-01 -9.080021312965258495e-01 0.000000000000000000e+00
7.524607557621038056e-01 5.000000000000000000e-01 -8.436700541659205577e-01 0.000000000000000000e+00
4.313690044079556696e-01 5.000000000000000000e-01 -8.436700541659205577e-01 0.000000000000000000e+00
4.866730507745251622e-01 5.000000000000000000e-01 -8.436700541659205577e-01 0.000000000000000000e+00
2.672702160032403018e-01 5.000000000000000000e-01 9.896141846669263831e-02 0.000000000000000000e+00
5.697442514649077028e-01 5.000000000000000000e-01 9.896141846669263831e-02 0.000000000000000000e+00
4.958224892058574751e-01 5.000000000000000000e-01 9.896141846669263831e-02 0.000000000000000000e+00
3.847070566864052577e-01 5.000000000000000000e-01 -1.601167021274507496e+00 0.000000000000000000e+00
4.960672444407894788e-01 5.000000000000000000e-01 -1.601167021274507496e+00 0.000000000000000000e+00
4.945897728245412517e-01 5.000000000000000000e-01 -1.601167021274507496e+00 0.000000000000000000e+00
8.986033917315361386e-01 5.000000000000000000e-01 -5.396480368092767543e-01 0.000000000000000000e+00
5.851121908113041670e-01 5.000000000000000000e-01 -5.396480368092767543e-01 0.000000000000000000e+00
4.952251921703547666e-01 5.000000000000000000e-01 -5.396480368092767543e-01 0.000000000000000000e+00
1.523093819905295410e-01 5.000000000000000000e-01 2.549472629231257503e-01 0.000000000000000000e+00
4.586830635636077735e-01 5.000000000000000000e-01 2.549472629231257503e-01 0.000000000000000000e+00
5.036084490523003998e-01 5.000000000000000000e-01 2.549472629231257503e-01 0.000000000000000000e+00
2.932045777331288017e-01 5.000000000000000000e-01 2.294919107996190033e-01 0.000000000000000000e+00
4.503312387893662061e-01 5.000000000000000000e-01 2.294919107996190033e-01 0.000000000000000000e+00
4.946202404749711068e-01 5.000000000000000000e-01 2.294919107996190033e-01 0.000000000000000000e+00
7.504254522080857637e-01 5.000000000000000000e-01 7.954639052488481354e-01 0.000000000000000000e+00
4.703120498393068560e-01 5.000000000000000000e-01 7.954639052488481354e-01 0.000000000000000000e+00
5.000159413842822920e-01 5.000000000000000000e-01 7.954639052488481354e-01 0.000000000000000000e+00
4.750602741435055454e-01 5.000000000000000000e-01 -1.529478901147004910e+00 0.000000000000000000e+00
5.132190993355479902e-01 5.000000000000000000e-01 -1.529478901147004910e+00 0.000000000000000000e+00
4.944365198381555082e-01 5.000000000000000000e-01 -1.529478901147004910e+00 0.000000000000000000e+00
3.729648993474250496e-01 5.000000000000000000e-01 -8.560334053055209669e-01 0.000000000000000000e+00
5.029534275010340005e-01 5.000000000000000000e-01 -8.560334053055209669e-01 0.000000000000000000e+00
5.010069853996785838e-01 5.000000000000000000e-01 -8.560334053055209669e-01 0.000000000000000000e+00
6.087110555041990168e-01 5.000000000000000000e-01 1.511023861984246208e+00 0.000000000000000000e+00
4.950972887675582634e-01 5.000000000000000000e-01 1.511023861984246208e+00 0.000000000000000000e+00
4.943211814015499583e-01 5.000000000000000000e-01 1.511023861984246208e+00 0.000000000000000000e+00
3.358508804292772432e-01 5.000000000000000000e-01 -1.437877641415676200e+00 0.000000000000000000e+00
4.512933026801322356e-01 5.000000000000000000e-01 -1.437877641415676200e+00 0.000000000000000000e+00
4.917421593654578427e-01 5.000000000000000000e-01 -1.437877641415676200e+00 0.000000000000000000e+00
6.974756109573775342e-01 5.000000000000000000e-01 1.347529655045744956e-01 0.000000000000000000e+00
5.494550718087449770e-01 5.000000000000000000e-01 1.347529655045744956e-01 0.000000000000000000e+00
5.142721920307449235e-01 5.000000000000000000e-01 1.347529655045744956e-01 0.000000000000000000e+00
7.259035638513703370e-01 5.000000000000000000e-01 1.469729080930893828e+00 0.000000000000000000e+00
4.626467908746426105e-01 5.000000000000000000e-01 1.469729080930893828e+00 0.000000000000000000e+00
4.993900178979149285e-01 5.000000000000000000e-01 1.469729080930893828e+00 0.000000000000000000e+00
3.539029999471192123e-01 5.000000000000000000e-01 1.505923065153546014e+00 0.000000000000000000e+00
4.679468742966753636e-01 5.000000000000000000e-01 1.505923065153546014e+00 0.000000000000000000e+00
5.006408380095233035e-01 5.000000000000000000e-01 1.505923065153546014e+00 0.000000000000000000e+00
2.325429337803428531e-01 5.000000000000000000e-01 -1.463721163203988818e+00 0.000000000000000000e+00
4.959499047002431937e-01 5.000000000000000000e-01 -1.463721163203988818e+00 0.000000000000000000e+00
4.979085795357579003e-01 5.000000000000000000e-01 -1.463721163203988818e+00 0.000000000000000000e+00
3.284995226053771256e-01 5.000000000000000000e-01 4.774832455720585123e-01 0.000000000000000000e+00
4.918259670309255149e-01 5.000000000000000000e-01 4.774832455720585123e-01 0.000000000000000000e+00
4.988089352542363075e-01 5.000000000000000000e-01 4.774832455720585123e-01 0.000000000000000000e+00
6.012385868424786617e-01 5.000000000000000000e-01 1.216371635826772879e+00 0.000000000000000000e+00
4.802585144519010418e-01 5.000000000000000000e-01 1.216371635826772879e+00 0.000000000000000000e+00
5.008505114338160924e-01 5.000000000000000000e-01 1.216371635826772879e+00 0.000000000000000000e+00
3.402500958484933613e-01 5.000000000000000000e-01 1.227062893290618989e-01 0.000000000000000000e+00
4.947071163679668260e-01 5.000000000000000000e-01 1.227062893290618989e-01 0.000000000000000000e+00
5.002747736011933233e-01 5.000000000000000000e-01 1.227062893290618989e-01 0.000000000000000000e+00
3.238698104332120020e-01 5.000000000000000000e-01 -1.118478479389716229e+00 0.000000000000000000e+00
4.472972117347160381e-01 5.000000000000000000e-01 -1.118478479389716229e+00 0.000000000000000000e+00
4.957310474706906334e-01 5.000000000000000000e-01 -1.118478479389716229e+00 0.000000000000000000e+00
1.137606873311926003e-01 5.000000000000000000e-01 1.251935639512276266e+00 0.000000000000000000e+00
4.450590783189995459e-01 5.000000000000000000e-01 1.251935639512276266e+00 0.000000000000000000e+00
4.958118623380890488e-01 5.000000000000000000e-01 1.251935639512276266e+00 0.000000000000000000e+00
6.876914940916322161e-01 5.000000000000000000e-01 -1.613332119926297104e+00 0.000000000000000000e+00
4.959688278072278411e-01 5.000000000000000000e-01 -1.613332119926297104e+00 0.000000000000000000e+00
4.941872287246848461e-01 5.000000000000000000e-01 -1.613332119926297104e+00 0.000000000000000000e+00
3.888611175579576029e-01 5.000000000000000000e-01 1.509353061735591028e-01 0.000000000000000000e+00
4.690302979330140953e-01 5.000000000000000000e-01 1.509353061735591028e-01 0.000000000000000000e+00
4.922580736186356609e-01 5.000000000000000000e-01 1.509353061735591028e-01 0.000000000000000000e+00
6.110167195151184893e-01 5.000000000000000000e-01 -1.110417016036003623e+00 0.000000000000000000e+00
5.068604963935008367e-01 5.000000000000000000e-01 -1.110417016036003623e+00 0.000000000000000000e+00
4.985544640238833702e-01 5.000000000000000000e-01 -1.110417016036003623e+00 0.000000000000000000e+00
8.374569159629406956e-01 5.000000000000000000e-01 1.726663750042085888e-01 0.000000000000000000e+00
5.417735753380458208e-01 5.000000000000000000e-01 1.726663750042085888e-01 0.000000000000000000e+00
5.075385307975366356e-01 5.000000000000000000e-01 1.726663750042085888e-01 0.000000000000000000e+00
1.497341347433577829e-01 5.000000000000000000e-01 4.520603812504198071e-01 0.000000000000000000e+00
4.610356442746183503e-01 5.000000000000000000e-01 4.520603812504198071e-01 0.000000000000000000e+00
4.917915468371614751e-01 5.000000000000000000e-01 4.520603812504198071e-01 0.000000000000000000e+00
3.834209456291362561e-01 5.000000000000000000e-01 -8.711315687258611717e-01 0.000000000000000000e+00
5.130320196972366631e-01 5.000000000000000000e-01 -8.711315687258611717e-01 0.000000000000000000e+00
5.010710243928443441e-01 5.000000000000000000e-01 -8.711315687258611717e-01 0.000000000000000000e+00
3.622131170101539621e-01 5.000000000000000000e-01 1.248603091338803539e+00 0.000000000000000000e+00
4.698239920143415516e-01 5.000000000000000000e-01 1.248603091338803539e+00 0.000000000000000000e+00
5.010390692978116123e-01 5.000000000000000000e-01 1.248603091338803539e+00 0.000000000000000000e+00
7.497570142212668376e-01 5.000000000000000000e-01 1.160499707667114189e+00 0.000000000000000000e+00
4.787695069129446201e-01 5.000000000000000000e-01 1.160499707667114189e+00 0.000000000000000000e+00
4.979647056908682590e-01 5.000000000000000000e-01 1.160499707667114189e+00 0.000000000000000000e+00
8.837317134087583348e-01 5.000000000000000000e-01 1.211258237139809735e+00 0.000000000000000000e+00
6.140131693372534727e-01 5.000000000000000000e-01 1.211258237139809735e+00 0.000000000000000000e+00
4.929052619795017964e-01 5.000000000000000000e-01 1.211258237139809735e+00 0.000000000000000000e+00
8.429755954102724491e-01 5.000000000000000000e-01 -1.478519873133163687e+00 0.000000000000000000e+00
5.060125985819432515e-01 5.000000000000000000e-01 -1.478519873133163687e+00 0.000000000000000000e+00
5.076013056692285641e-01 5.000000000000000000e-01 -1.478519873133163687e+00 0.000000000000000000e+00
4.276386284161703966e-01 5.000000000000000000e-01 8.346429264967766271e-01 0.000000000000000000e+00
4.870564054942042587e-01 5.000000000000000000e-01 8.346429264967766271e-01 0.000000000000000000e+00
4.981051847428694113e-01 5.000000000000000000e-01 8.346429264967766271e-01 0.000000000000000000e+00
5.131606064669538281e-01 5.000000000000000000e-01 -8.114940265298791200e-01 0.000000000000000000e+00
4.978273687196975161e-01 5.000000000000000000e-01 -8.114940265298791200e-01 0.000000000000000000e+00
4.969944110877331234e-01 5.000000000000000000e-01 -8.114940265298791200e-01 0.000000000000000000e+00
7.175021999122864758e-01 5.000000000000000000e-01 -1.089473450260317833e+00 0.000000000000000000e+00
5.388760003695316492e-01 5.000000000000000000e-01 -1.089473450260317833e+00 0.000000000000000000e+00
5.018218701992694930e-01 5.000000000000000000e-01 -1.089473450260317833e+00 0.000000000000000000e+00
4.962184216541782877e-01 5.000000000000000000e-01 9.305001201869805838e-01 0.000000000000000000e+00
5.000265316275701588e-01 5.000000000000000000e-01 9.305001201869805838e-01 0.000000000000000000e+00
5.038346416009620299e-01 5.000000000000000000e-01 9.305001201869805838e-01 0.000000000000000000e+00
2.659794007097103230e-01 5.000000000000000000e-01 -1.260181288085849616e+00 0.000000000000000000e+00
5.344748685075642047e-01 5.000000000000000000e-01 -1.260181288085849616e+00 0.000000000000000000e+00
5.004703363054179288e-01 5.000000000000000000e-01 -1.260181288085849616e+00 0.000000000000000000e+00
6.352794811787869644e-01 5.000000000000000000e-01 8.459633661984833353e-01 0.000000000000000000e+00
5.050392020475020782e-01 5.000000000000000000e-01 8.459633661984833353e-01 0.000000000000000000e+00
5.067338931711815597e-01 5.000000000000000000e-01 8.459633661984833353e-01 0.000000000000000000e+00
1.553007316800627258e-01 5.000000000000000000e-01 1.612317153913799705e+00 0.000000000000000000e+00
4.956086605279077517e-01 5.000000000000000000e-01 1.612317153913799705e+00 0.000000000000000000e+00
4.973648854601382951e-01 5.000000000000000000e-01 1.612317153913799705e+00 0.000000000000000000e+00
8.897321349587230532e-01 5.000000000000000000e-01 -1.101224032381847850e+00 0.000000000000000000e+00
5.622015341491768403e-01 5.000000000000000000e-01 -1.101224032381847850e+00 0.000000000000000000e+00
4.961192294240162060e-01 5.000000000000000000e-01 -1.101224032381847850e+00 0.000000000000000000e+00
4.999126955810212491e-01 5.000000000000000000e-01 2.548596407262738728e-01 0.000000000000000000e+00
5.013300736831873827e-01 5.000000000000000000e-01 2.548596407262738728e-01 0.000000000000000000e+00
4.978842707875900109e-01 5.000000000000000000e-01 2.548596407262738728e-01 0.000000000000000000e+00
8.376011506069893642e-01 5.000000000000000000e-01 1.551467262140446168e+00 0.000000000000000000e+00
5.763878321605004906e-01 5.000000000000000000e-01 1.551467262140446168e+00 0.000000000000000000e+00
4.637851504277646919e-01 5.000000000000000000e-01 1.551467262140446168e+00 0.000000000000000000e+00
3.505995761557614276e-01 5.000000000000000000e-01 1.197511348197799474e+00 0.000000000000000000e+00
5.319267231469533286e-01 5.000000000000000000e-01 1.197511348197799474e+00 0.000000000000000000e+00
4.854687091311807867e-01 5.000000000000000000e-01 1.197511348197799474e+00 0.000000000000000000e+00
6.170841674846246905e-01 5.000000000000000000e-01 5.598186250152720200e-01 0.000000000000000000e+00
4.796902698237595630e-01 5.000000000000000000e-01 5.598186250152720200e-01 0.000000000000000000e+00
4.986398483651320324e-01 5.000000000000000000e-01 5.598186250152720200e-01 0.000000000000000000e+00
8.813798821207716738e-01 5.000000000000000000e-01 2.548571578884633593e-01 0.000000000000000000e+00
5.877513110679831732e-01 5.000000000000000000e-01 2.548571578884633593e-01 0.000000000000000000e+00
5.177269422944772437e-01 5.000000000000000000e-01 2.548571578884633593e-01 0.000000000000000000e+00
2.144502136433587836e-01 5.000000000000000000e-01 2.224540878112575837e-01 0.000000000000000000e+00
5.200115658386402773e-01 5.000000000000000000e-01 2.224540878112575837e-01 0.000000000000000000e+00
5.061185250026390969e-01 5.000000000000000000e-01 2.224540878112575837e-01 0.000000000000000000e+00
1.670283151917451858e-01 5.000000000000000000e-01 1.249104046238469712e+00 0.000000000000000000e+00
4.982559163477070507e-01 5.000000000000000000e-01 1.249104046238469712e+00 0.000000000000000000e+00
4.909318135880543221e-01 5.000000000000000000e-01 1.249104046238469712e+00 0.000000000000000000e+00
5.014957746415361628e-01 5.000000000000000000e-01 -1.249626670266952733e+00 0.000000000000000000e+00
5.088068118004768214e-01 5.000000000000000000e-01 -1.249626670266952733e+00 0.000000000000000000e+00
4.970205380750856161e-01 5.000000000000000000e-01 -1.249626670266952733e+00 0.000000000000000000e+00
6.993294484137237976e-01 5.000000000000000000e-01 -1.110287279318496134e+00 0.000000000000000000e+00
5.201829031445144302e-01 5.000000000000000000e-01 -1.110287279318496134e+00 0.000000000000000000e+00
5.022430150753062206e-01 5.000000000000000000e-01 -1.110287279318496134e+00 0.000000000000000000e+00
1.478931908183170052e-01 5.000000000000000000e-01 -2.508571137815018282e-01 0.000000000000000000e+00
4.416217629737795303e-01 5.000000000000000000e-01 -2.508571137815018282e-01 0.000000000000000000e+00
5.117461328499595119e-01 5.000000000000000000e-01 -2.508571137815018282e-01 0.000000000000000000e+00
7.497888474307294882e-01 5.000000000000000000e-01 -8.988663015796416467e-01 0.000000000000000000e+00
4.273171898912384026e-01 5.000000000000000000e-01 -8.988663015796416467e-01 0.000000000000000000e+00
4.812413300724648901e-01 5.000000000000000000e-01 -8.988663015796416467e-01 0.000000000000000000e+00
6.810897259808408322e-01 5.000000000000000000e-01 -1.859082654302617599e-01 0.000000000000000000e+00
5.250526560588373304e-01 5.000000000000000000e-01 -1.859082654302617599e-01 0.000000000000000000e+00
5.009505563917981963e-01 5.000000000000000000e-01 -1.859082654302617599e-01 0.000000000000000000e+00
3.274125850195553911e-01 5.000000000000000000e-01 6.358636761667381121e-01 0.000000000000000000e+00
4.946985402099707829e-01 5.000000000000000000e-01 6.358636761667381121e-01 0.000000000000000000e+00
5.007778382003850171e-01 5.000000000000000000e-01 6.358636761667381121e-01 0.000000000000000000e+00
3.133587360739598093e-03 5.000000000000000000e-01 -1.460938570551516991e+00 0.000000000000000000e+00
2.666101230969517566e-01 5.000000000000000000e-01 -1.460938570551516991e+00 0.000000000000000000e+00
5.300866588331638596e-01 5.000000000000000000e-01 -1.460938570551516991e+00 0.000000000000000000e+00
4.809998255681439266e-02 5.000000000000000000e-01 -5.158888239513073071e-01 0.000000000000000000e+00
3.352027619580317808e-01 5.000000000000000000e-01 -5.158888239513073071e-01 0.000000000000000000e+00
4.736949046454960177e-01 5.000000000000000000e-01 -5.158888239513073071e-01 0.000000000000000000e+00
6.972155035885431174e-01 5.000000000000000000e-01 1.505301536044804767e+00 0.000000000000000000e+00
4.348480419896631477e-01 5.000000000000000000e-01 1.505301536044804767e+00 0.000000000000000000e+00
4.919349734220658799e-01 5.000000000000000000e-01 1.505301536044804767e+00 0.000000000000000000e+00
3.975170222039871581e-01 5.000000000000000000e-01 -1.899909785008535301e-01 0.000000000000000000e+00
4.691630454621833479e-01 5.000000000000000000e-01 -1.899909785008535301e-01 0.000000000000000000e+00
5.029649749152764748e-01 5.000000000000000000e-01 -1.899909785008535301e-01 0.000000000000000000e+00
9.473139837839292809e-01 5.000000000000000000e-01 1.642326874317999730e+00 0.000000000000000000e+00
6.883721556418791465e-01 5.000000000000000000e-01 1.642326874317999730e+00 0.000000000000000000e+00
4.294303274998290676e-01 5.000000000000000000e-01 1.642326874317999730e+00 0.000000000000000000e+00
6.028031371470990996e-01 5.000000000000000000e-01 2.599307231014796882e-01 0.000000000000000000e+00
5.329056075039185769e-01 5.000000000000000000e-01 2.599307231014796882e-01 0.000000000000000000e+00
5.008521716658411727e-01 5.000000000000000000e-01 2.599307231014796882e-01 0.000000000000000000e+00
6.063723869088921692e-01 5.000000000000000000e-01 1.236237442901269912e+00 0.000000000000000000e+00
4.858889596951769807e-01 5.000000000000000000e-01 1.236237442901269912e+00 0.000000000000000000e+00
4.973405027364261044e-01 5.000000000000000000e-01 1.236237442901269912e+00 0.000000000000000000e+00
7.074562710797275278e-01 5.000000000000000000e-01 -9.405958015822189766e-02 0.000000000000000000e+00
5.537154182895250853e-01 5.000000000000000000e-01 -9.405958015822189766e-02 0.000000000000000000e+00
5.128122248699551466e-01 5.000000000000000000e-01 -9.405958015822189766e-02 0.000000000000000000e+00
4.470968361889477438e-01 5.000000000000000000e-01 5.896515402978439457e-01 0.000000000000000000e+00
5.003898286120083139e-01 5.000000000000000000e-01 5.896515402978439457e-01 0.000000000000000000e+00
4.956767240881718162e-01 5.000000000000000000e-01 5.896515402978439457e-01 0.000000000000000000e+00
3.039975930468878929e-01 5.000000000000000000e-01 8.922790393000414877e-01 0.000000000000000000e+00
4.776939323156358386e-01 5.000000000000000000e-01 8.922790393000414877e-01 0.000000000000000000e+00
5.000009082981369257e-01 5.000000000000000000e-01 8.922790393000414877e-01 0.000000000000000000e+00
1.383148019208771395e-01 5.000000000000000000e-01 -5.306010621756460099e-02 0.000000000000000000e+00
4.369882992654381404e-01 5.000000000000000000e-01 -5.306010621756460099e-02 0.000000000000000000e+00
5.120575943307165145e-01 5.000000000000000000e-01 -5.306010621756460099e-02 0.000000000000000000e+00
8.449270778946398053e-02 5.000000000000000000e-01 5.810368508262225840e-01 0.000000000000000000e+00
3.990186290601196450e-01 5.000000000000000000e-01 5.810368508262225840e-01 0.000000000000000000e+00
4.899403480514927245e-01 5.000000000000000000e-01 5.810368508262225840e-01 0.000000000000000000e+00
7.521704456783906423e-02 5.000000000000000000e-01 8.485343975394148419e-01 0.000000000000000000e+00
3.964304045063245518e-01 5.000000000000000000e-01 8.485343975394148419e-01 0.000000000000000000e+00
4.940395621655274128e-01 5.000000000000000000e-01 8.485343975394148419e-01 0.000000000000000000e+00
9.201572166970807265e-01 5.000000000000000000e-01 -2.160520815483086277e-01 0.000000000000000000e+00
6.147559146583729817e-01 5.000000000000000000e-01 -2.160520815483086277e-01 0.000000000000000000e+00
5.329588148989476970e-01 5.000000000000000000e-01 -2.160520815483086277e-01 0.000000000000000000e+00
8.590417858712708910e-01 5.000000000000000000e-01 -1.961628561531673920e-01 0.000000000000000000e+00
5.541377144674415334e-01 5.000000000000000000e-01 -1.961628561531673920e-01 0.000000000000000000e+00
5.106819391479978654e-01 5.000000000000000000e-01 -1.961628561531673920e-01 0.000000000000000000e+00
2.790657677361449984e-01 5.000000000000000000e-01 -8.169748506243638131e-01 0.000000000000000000e+00
5.586413964705360113e-01 5.000000000000000000e-01 -8.169748506243638131e-01 0.000000000000000000e+00
4.996653212893124585e-01 5.000000000000000000e-01 -8.169748506243638131e-01 0.000000000000000000e+00
5.742674382507683140e-01 5.000000000000000000e-01 -5.305829299011473044e-01 0.000000000000000000e+00
4.846070672825221193e-01 5.000000000000000000e-01 -5.305829299011473044e-01 0.000000000000000000e+00
4.907968870662760552e-01 5.000000000000000000e-01 -5.305829299011473044e-01 0.000000000000000000e+00
1.703450817178492060e-01 5.000000000000000000e-01 1.510641442525650691e+00 0.000000000000000000e+00
5.081111177809906065e-01 5.000000000000000000e-01 1.510641442525650691e+00 0.000000000000000000e+00
5.073254499285174690e-01 5.000000000000000000e-01 1.510641442525650691e+00 0.000000000000000000e+00
3.647448393608200279e-01 5.000000000000000000e-01 -1.140641071636602666e+00 0.000000000000000000e+00
4.876181758561518587e-01 5.000000000000000000e-01 -1.140641071636602666e+00 0.000000000000000000e+00
4.976538529808512412e-01 5.000000000000000000e-01 -1.140641071636602666e+00 0.000000000000000000e+00
7.088251243031794546e-01 5.000000000000000000e-01 -1.584199900748579193e+00 0.000000000000000000e+00
5.178307634982181051e-01 5.000000000000000000e-01 -1.584199900748579193e+00 0.000000000000000000e+00
4.976801590107862161e-01 5.000000000000000000e-01 -1.584199900748579193e+00 0.000000000000000000e+00
3.284111417720504966e-01 5.000000000000000000e-01 -1.518184090024340627e+00 0.000000000000000000e+00
4.418459028076889283e-01 5.000000000000000000e-01 -1.518184090024340627e+00 0.000000000000000000e+00
4.802870982777979192e-01 5.000000000000000000e-01 -1.518184090024340627e+00 0.000000000000000000e+00
6.339405850927352093e-01 5.000000000000000000e-01 -8.300008672218014416e-01 0.000000000000000000e+00
5.367947656914726640e-01 5.000000000000000000e-01 -8.300008672218014416e-01 0.000000000000000000e+00
4.965903509796449899e-01 5.000000000000000000e-01 -8.300008672218014416e-01 0.000000000000000000e+00
4.632163001712348294e-01 5.000000000000000000e-01 -4.493103238305055092e-01 0.000000000000000000e+00
4.905352459910866658e-01 5.000000000000000000e-01 -4.493103238305055092e-01 0.000000000000000000e+00
4.987568809266066383e-01 5.000000000000000000e-01 -4.493103238305055092e-01 0.000000000000000000e+00
6.412395020834235071e-01 5.000000000000000000e-01 5.846375162119162860e-01 0.000000000000000000e+00
5.044660767024744530e-01 5.000000000000000000e-01 5.846375162119162860e-01 0.000000000000000000e+00
4.996276215764897666e-01 5.000000000000000000e-01 5.846375162119162860e-01 0.000000000000000000e+00
9.411584486142108297e-01 5.000000000000000000e-01 -1.221158470509610128e+00 0.000000000000000000e+00
6.106294868514704488e-01 5.000000000000000000e-01 -1.221158470509610128e+00 0.000000000000000000e+00
5.037047273680126391e-01 5.000000000000000000e-01 -1.221158470509610128e+00 0.000000000000000000e+00
1.940570229918759937e-01 5.000000000000000000e-01 9.319219141668912965e-01 0.000000000000000000e+00
5.173550708460483705e-01 5.000000000000000000e-01 9.319219141668912965e-01 0.000000000000000000e+00
5.021014147846062370e-01 5.000000000000000000e-01 9.319219141668912965e-01 0.000000000000000000e+00
8.963908937805964428e-01 5.000000000000000000e-01 -5.248433302795683097e-01 0.000000000000000000e+00
5.832698105236071573e-01 5.000000000000000000e-01 -5.248433302795683097e-01 0.000000000000000000e+00
4.937529295459004430e-01 5.000000000000000000e-01 -5.248433302795683097e-01 0.000000000000000000e+00
1.876630621903337959e-01 5.000000000000000000e-01 -2.395336441085812451e-01 0.000000000000000000e+00
4.816747210876193286e-01 5.000000000000000000e-01 -2.395336441085812451e-01 0.000000000000000000e+00
4.951407730161874188e-01 5.000000000000000000e-01 -2.395336441085812451e-01 0.000000000000000000e+00
8.759545132191124406e-01 5.000000000000000000e-01 5.021495991892194199e-01 0.000000000000000000e+00
5.885082531988428123e-01 5.000000000000000000e-01 5.021495991892194199e-01 0.000000000000000000e+00
5.246661954578557552e-01 5.000000000000000000e-01 5.021495991892194199e-01 0.000000000000000000e+00
4.958768882070024309e-01 5.000000000000000000e-01 1.506478265472813494e+00 0.000000000000000000e+00
4.949871409282083357e-01 5.000000000000000000e-01 1.506478265472813494e+00 0.000000000000000000e+00
4.940973936494142404e-01 5.000000000000000000e-01 1.506478265472813494e+00 0.000000000000000000e+00
6.299583397030901200e-01 5.000000000000000000e-01 -1.275792767752609025e-01 0.000000000000000000e+00
4.753794944974616410e-01 5.000000000000000000e-01 -1.275792767752609025e-01 0.000000000000000000e+00
4.916444056093627335e-01 5.000000000000000000e-01 -1.275792767752609025e-01 0.000000000000000000e+00
8.494138381455362818e-01 5.000000000000000000e-01 5.899115538345499621e-01 0.000000000000000000e+00
5.641616269914000448e-01 5.000000000000000000e-01 5.899115538345499621e-01 0.000000000000000000e+00
5.025136181165462679e-01 5.000000000000000000e-01 5.899115538345499621e-01 0.000000000000000000e+00
4.198972809665491579e-01 5.000000000000000000e-01 -1.233123297702183041e-01 0.000000000000000000e+00
4.932102704430112450e-01 5.000000000000000000e-01 -1.233123297702183041e-01 0.000000000000000000e+00
4.999447561125100470e-01 5.000000000000000000e-01 -1.233123297702183041e-01 0.000000000000000000e+00
9.495553738537061417e-01 5.000000000000000000e-01 -1.487442704530680615e+00 0.000000000000000000e+00
6.123693062404390597e-01 5.000000000000000000e-01 -1.487442704530680615e+00 0.000000000000000000e+00
4.987874409064545489e-01 5.000000000000000000e-01 -1.487442704530680615e+00 0.000000000000000000e+00
8.626363706297259792e-01 5.000000000000000000e-01 8.697203571103186981e-01 0.000000000000000000e+00
5.843793795574838690e-01 5.000000000000000000e-01 8.697203571103186981e-01 0.000000000000000000e+00
5.297265907645243299e-01 5.000000000000000000e-01 8.697203571103186981e-01 0.000000000000000000e+00
3.663548690104811989e-01 5.000000000000000000e-01 -8.198311884668345595e-01 0.000000000000000000e+00
4.972484525850572323e-01 5.000000000000000000e-01 -8.198311884668345595e-01 0.000000000000000000e+00
4.962070659046689536e-01 5.000000000000000000e-01 -8.198311884668345595e-01 0.000000000000000000e+00
6.914854243789385624e-01 5.000000000000000000e-01 -5.031058576310687425e-01 0.000000000000000000e+00
5.275184146519149575e-01 5.000000000000000000e-01 -5.031058576310687425e-01 0.000000000000000000e+00
4.954863751798556093e-01 5.000000000000000000e-01 -5.031058576310687425e-01 0.000000000000000000e+00
1.459369755254487089e-01 5.000000000000000000e-01 8.798238144711384434e-01 0.000000000000000000e+00
4.679325708872272838e-01 5.000000000000000000e-01 8.798238144711384434e-01 0.000000000000000000e+00
4.997454601627600024e-01 5.000000000000000000e-01 8.798238144711384434e-01 0.000000000000000000e+00
5.430753744703556984e-01 5.000000000000000000e-01 1.288700533040940233e+00 0.000000000000000000e+00
4.988970900756616866e-01 5.000000000000000000e-01 1.288700533040940233e+00 0.000000000000000000e+00
4.925628994860707377e-01 5.000000000000000000e-01 1.288700533040940233e+00 0.000000000000000000e+00
1.790768912851879724e-01 5.000000000000000000e-01 -4.743624216409544347e-01 0.000000000000000000e+00
4.672178307441642309e-01 5.000000000000000000e-01 -4.743624216409544347e-01 0.000000000000000000e+00
4.939104741187548275e-01 5.000000000000000000e-01 -4.743624216409544347e-01 0.000000000000000000e+00
7.041223667966064470e-01 5.000000000000000000e-01 -5.900802047567454967e-01 0.000000000000000000e+00
5.379809983914408678e-01 5.000000000000000000e-01 -5.900802047567454967e-01 0.000000000000000000e+00
5.037746002412396562e-01 5.000000000000000000e-01 -5.900802047567454967e-01 0.000000000000000000e+00
8.127363919470076414e-01 5.000000000000000000e-01 1.144051247152501505e+00 0.000000000000000000e+00
5.413376731258201513e-01 5.000000000000000000e-01 1.144051247152501505e+00 0.000000000000000000e+00
4.935431565839151768e-01 5.000000000000000000e-01 1.144051247152501505e+00 0.000000000000000000e+00
7.417297362645327574e-01 5.000000000000000000e-01 5.848640417497426025e-01 0.000000000000000000e+00
4.563513373082762059e-01 5.000000000000000000e-01 5.848640417497426025e-01 0.000000000000000000e+00
5.095246422676342757e-01 5.000000000000000000e-01 5.848640417497426025e-01 0.000000000000000000e+00
3.327559619771134347e-01 5.000000000000000000e-01 -5.832396798078098854e-01 0.000000000000000000e+00
4.695643332681651572e-01 5.000000000000000000e-01 -5.832396798078098854e-01 0.000000000000000000e+00
4.935350451885843759e-01 5.000000000000000000e-01 -5.832396798078098854e-01 0.000000000000000000e+00
3.640249430884587301e-01 5.000000000000000000e-01 -4.048607034850294495e-01 0.000000000000000000e+00
5.052927887875798829e-01 5.000000000000000000e-01 -4.048607034850294495e-01 0.000000000000000000e+00
5.001253841164448044e-01 5.000000000000000000e-01 -4.048607034850294495e-01 0.000000000000000000e+00
1.923913561812056749e-01 5.000000000000000000e-01 -1.172718725782252003e+00 0.000000000000000000e+00
4.630733880366494359e-01 5.000000000000000000e-01 -1.172718725782252003e+00 0.000000000000000000e+00
5.101512176128106812e-01 5.000000000000000000e-01 -1.172718725782252003e+00 0.000000000000000000e+00
3.979029226346652015e-01 5.000000000000000000e-01 -1.560162851547098661e+00 0.000000000000000000e+00
5.102882146322346157e-01 5.000000000000000000e-01 -1.560162851547098661e+00 0.000000000000000000e+00
4.907385363748397733e-01 5.000000000000000000e-01 -1.560162851547098661e+00 0.000000000000000000e+00
1.687282938664564080e-01 5.000000000000000000e-01 -8.620966773479226131e-01 0.000000000000000000e+00
4.471758769327583982e-01 5.000000000000000000e-01 -8.620966773479226131e-01 0.000000000000000000e+00
5.020192577197778450e-01 5.000000000000000000e-01 -8.620966773479226131e-01 0.000000000000000000e+00
6.788535460095203034e-01 5.000000000000000000e-01 8.591067278007870067e-01 0.000000000000000000e+00
5.489418509182930617e-01 5.000000000000000000e-01 8.591067278007870067e-01 0.000000000000000000e+00
4.940237213925952053e-01 5.000000000000000000e-01 8.591067278007870067e-01 0.000000000000000000e+00
7.847544213799090285e-01 5.000000000000000000e-01 -9.357224484392187014e-01 0.000000000000000000e+00
4.613613601689284804e-01 5.000000000000000000e-01 -9.357224484392187014e-01 0.000000000000000000e+00
5.143640966786655611e-01 5.000000000000000000e-01 -9.357224484392187014e-01 0.000000000000000000e+00
9.741734718037970975e-01 5.000000000000000000e-01 -9.207000317246001320e-01 0.000000000000000000e+00
6.511559710106820109e-01 5.000000000000000000e-01 -9.207000317246001320e-01 0.000000000000000000e+00
4.767491069313201102e-01 5.000000000000000000e-01 -9.207000317246001320e-01 0.000000000000000000e+00
3.478437994718917570e-01 5.000000000000000000e-01 1.616580365888147464e+00 0.000000000000000000e+00
4.646541063398129667e-01 5.000000000000000000e-01 1.616580365888147464e+00 0.000000000000000000e+00
5.001145025710259651e-01 5.000000000000000000e-01 1.616580365888147464e+00 0.000000000000000000e+00
2.377200626358324242e-01 5.000000000000000000e-01 -2.379073477368250922e-01 0.000000000000000000e+00
5.317723789424118053e-01 5.000000000000000000e-01 -2.379073477368250922e-01 0.000000000000000000e+00
5.063703022177086233e-01 5.000000000000000000e-01 -2.379073477368250922e-01 0.000000000000000000e+00
5.874653002329802698e-01 5.000000000000000000e-01 -5.678817381549443599e-01 0.000000000000000000e+00
4.968724590583891709e-01 5.000000000000000000e-01 -5.678817381549443599e-01 0.000000000000000000e+00
5.021298086357981472e-01 5.000000000000000000e-01 -5.678817381549443599e-01 0.000000000000000000e+00
6.098567996952385384e-01 5.000000000000000000e-01 1.000893527899936325e-01 0.000000000000000000e+00
5.359632357942708536e-01 5.000000000000000000e-01 1.000893527899936325e-01 0.000000000000000000e+00
4.999137656984062317e-01 5.000000000000000000e-01 1.000893527899936325e-01 0.000000000000000000e+00
7.150504103891813790e-01 5.000000000000000000e-01 1.236043654541068432e-01 0.000000000000000000e+00
5.667511562392871793e-01 5.000000000000000000e-01 1.236043654541068432e-01 0.000000000000000000e+00
4.934454676549223651e-01 5.000000000000000000e-01 1.236043654541068432e-01 0.000000000000000000e+00
4.183797750010065930e-01 5.000000000000000000e-01 5.685610967819600958e-01 0.000000000000000000e+00
5.089896001412731463e-01 5.000000000000000000e-01 5.685610967819600958e-01 0.000000000000000000e+00
5.037492345295395690e-01 5.000000000000000000e-01 5.685610967819600958e-01 0.000000000000000000e+00
6.962873583624961116e-01 5.000000000000000000e-01 -1.923261679713554606e-01 0.000000000000000000e+00
5.400898408769653214e-01 5.000000000000000000e-01 -1.923261679713554606e-01 0.000000000000000000e+00
4.967299827620669794e-01 5.000000000000000000e-01 -1.923261679713554606e-01 0.000000000000000000e+00
3.940511788445662522e-01 5.000000000000000000e-01 9.264778930143892088e-01 0.000000000000000000e+00
4.936089238906434806e-01 5.000000000000000000e-01 9.264778930143892088e-01 0.000000000000000000e+00
4.973164781847205784e-01 5.000000000000000000e-01 9.264778930143892088e-01 0.000000000000000000e+00
4.894143245090097349e-01 5.000000000000000000e-01 -1.274464703774754071e+00 0.000000000000000000e+00
4.961044108302553601e-01 5.000000000000000000e-01 -1.274464703774754071e+00 0.000000000000000000e+00
5.027944971515009298e-01 5.000000000000000000e-01 -1.274464703774754071e+00 0.000000000000000000e+00
8.555142957940028436e-01 5.000000000000000000e-01 5.416416225043080290e-01 0.000000000000000000e+00
5.690553363566104306e-01 5.000000000000000000e-01 5.416416225043080290e-01 0.000000000000000000e+00
5.062005791985005887e-01 5.000000000000000000e-01 5.416416225043080290e-01 0.000000000000000000e+00
6.735420721129901089e-01 5.000000000000000000e-01 1.166699033501084282e+00 0.000000000000000000e+00
5.513201846642702408e-01 5.000000000000000000e-01 1.166699033501084282e+00 0.000000000000000000e+00
5.040918627810798691e-01 5.000000000000000000e-01 1.166699033501084282e+00 0.000000000000000000e+00
2.861727167549856787e-01 5.000000000000000000e-01 -8.948977384011898017e-01 0.000000000000000000e+00
5.638002732949560780e-01 5.000000000000000000e-01 -8.948977384011898017e-01 0.000000000000000000e+00
5.028761259193118560e-01 5.000000000000000000e-01 -8.948977384011898017e-01 0.000000000000000000e+00
8.961154002793025874e-01 5.000000000000000000e-01 -4.844837185854455330e-01 0.000000000000000000e+00
5.840033073146663201e-01 5.000000000000000000e-01 -4.844837185854455330e-01 0.000000000000000000e+00
4.954954166293126794e-01 5.000000000000000000e-01 -4.844837185854455330e-01 0.000000000000000000e+00
1.884695257563833992e-01 5.000000000000000000e-01 -8.037012496314840382e-01 0.000000000000000000e+00
4.683769945155963343e-01 5.000000000000000000e-01 -8.037012496314840382e-01 0.000000000000000000e+00
4.868361671904236632e-01 5.000000000000000000e-01 -8.037012496314840382e-01 0.000000000000000000e+00
9.386357711113590963e-01 5.000000000000000000e-01 1.584202092422695385e+00 0.000000000000000000e+00
6.782408234219263754e-01 5.000000000000000000e-01 1.584202092422695385e+00 0.000000000000000000e+00
5.664565124462468404e-01 5.000000000000000000e-01 1.584202092422695385e+00 0.000000000000000000e+00
4.225148857514945955e-01 5.000000000000000000e-01 -8.107100442860031286e-01 0.000000000000000000e+00
4.786429323650620571e-01 5.000000000000000000e-01 -8.107100442860031286e-01 0.000000000000000000e+00
4.969268851735264558e-01 5.000000000000000000e-01 -8.107100442860031286e-01 0.000000000000000000e+00
4.501790973901245163e-01 5.000000000000000000e-01 5.465762919003115394e-01 0.000000000000000000e+00
5.023952086032467124e-01 5.000000000000000000e-01 5.465762919003115394e-01 0.000000000000000000e+00
4.966052228694718962e-01 5.000000000000000000e-01 5.465762919003115394e-01 0.000000000000000000e+00
7.195171233197875660e-01 5.000000000000000000e-01 2.110304767897421274e-01 0.000000000000000000e+00
5.734035219532841454e-01 5.000000000000000000e-01 2.110304767897421274e-01 0.000000000000000000e+00
5.022834861523102212e-01 5.000000000000000000e-01 2.110304767897421274e-01 0.000000000000000000e+00
9.132426442427986624e-01 5.000000000000000000e-01 -7.944418436733215183e-02 0.000000000000000000e+00
6.112565396336152590e-01 5.000000000000000000e-01 -7.944418436733215183e-02 0.000000000000000000e+00
5.328746373037144268e-01 5.000000000000000000e-01 -7.944418436733215183e-02 0.000000000000000000e+00
8.387972779949784963e-01 5.000000000000000000e-01 -2.224594450796689715e-01 0.000000000000000000e+00
5.332357918679866415e-01 5.000000000000000000e-01 -2.224594450796689715e-01 0.000000000000000000e+00
5.082199127097123403e-01 5.000000000000000000e-01 -2.224594450796689715e-01 0.000000000000000000e+00
8.376648136280270274e-01 5.000000000000000000e-01 8.483088967219578613e-01 0.000000000000000000e+00
5.588725360460758962e-01 5.000000000000000000e-01 8.483088967219578613e-01 0.000000000000000000e+00
5.036844607434073362e-01 5.000000000000000000e-01 8.483088967219578613e-01 0.000000000000000000e+00
6.074514658875195261e-01 5.000000000000000000e-01 4.536767017755121145e-01 0.000000000000000000e+00
4.674040201456604038e-01 5.000000000000000000e-01 4.536767017755121145e-01 0.000000000000000000e+00
4.982003307213307974e-01 5.000000000000000000e-01 4.536767017755121145e-01 0.000000000000000000e+00
4.658436242686355144e-01 5.000000000000000000e-01 2.224234671847125644e-01 0.000000000000000000e+00
4.908586039795359568e-01 5.000000000000000000e-01 2.224234671847125644e-01 0.000000000000000000e+00
4.989191906591537995e-01 5.000000000000000000e-01 2.224234671847125644e-01 0.000000000000000000e+00
4.619164253053715252e-01 5.000000000000000000e-01 -1.516589393594363955e+00 0.000000000000000000e+00
5.003974881862299773e-01 5.000000000000000000e-01 -1.516589393594363955e+00 0.000000000000000000e+00
5.010344572619853665e-01 5.000000000000000000e-01 -1.516589393594363955e+00 0.000000000000000000e+00
6.114472939354299585e-01 5.000000000000000000e-01 -1.238060209330809069e+00 0.000000000000000000e+00
5.040999909814422031e-01 5.000000000000000000e-01 -1.238060209330809069e+00 0.000000000000000000e+00
4.926028787794545782e-01 5.000000000000000000e-01 -1.238060209330809069e+00 0.000000000000000000e+00
2.172089618001088462e-01 5.000000000000000000e-01 1.227660413590148991e+00 0.000000000000000000e+00
5.479004721398625932e-01 5.000000000000000000e-01 1.227660413590148991e+00 0.000000000000000000e+00
5.021961847588988226e-01 5.000000000000000000e-01 1.227660413590148991e+00 0.000000000000000000e+00
2.224577866245670554e-01 5.000000000000000000e-01 -1.552140134451268416e+00 0.000000000000000000e+00
4.836542832632854116e-01 5.000000000000000000e-01 -1.552140134451268416e+00 0.000000000000000000e+00
4.834024838176181338e-01 5.000000000000000000e-01 -1.552140134451268416e+00 0.000000000000000000e+00
5.419860358564205782e-01 5.000000000000000000e-01 4.654958054264968781e-01 0.000000000000000000e+00
5.150717270764685329e-01 5.000000000000000000e-01 4.654958054264968781e-01 0.000000000000000000e+00
5.072547291808483516e-01 5.000000000000000000e-01 4.654958054264968781e-01 0.000000000000000000e+00
7.674782799495440955e-01 5.000000000000000000e-01 1.262240167788313272e+00 0.000000000000000000e+00
4.990342841442518274e-01 5.000000000000000000e-01 1.262240167788313272e+00 0.000000000000000000e+00
4.920385844233451933e-01 5.000000000000000000e-01 1.262240167788313272e+00 0.000000000000000000e+00
2.978111234734449608e-01 5.000000000000000000e-01 8.395473177870317327e-01 0.000000000000000000e+00
4.701891697043676932e-01 5.000000000000000000e-01 8.395473177870317327e-01 0.000000000000000000e+00
5.009951465627977552e-01 5.000000000000000000e-01 8.395473177870317327e-01 0.000000000000000000e+00
7.977129169421774968e-01 5.000000000000000000e-01 -1.455996672235295275e+00 0.000000000000000000e+00
4.613130001362950039e-01 5.000000000000000000e-01 -1.455996672235295275e+00 0.000000000000000000e+00
5.013088810511301396e-01 5.000000000000000000e-01 -1.455996672235295275e+00 0.000000000000000000e+00
6.336332072835146878e-01 5.000000000000000000e-01 -5.185173374439607796e-01 0.000000000000000000e+00
4.692809105611687182e-01 5.000000000000000000e-01 -5.185173374439607796e-01 0.000000000000000000e+00
4.948696810406841284e-01 5.000000000000000000e-01 -5.185173374439607796e-01 0.000000000000000000e+00
9.293226153574381254e-02 5.000000000000000000e-01 8.836754955672687650e-01 0.000000000000000000e+00
4.150241489249256177e-01 5.000000000000000000e-01 8.836754955672687650e-01 0.000000000000000000e+00
5.135118340348248100e-01 5.000000000000000000e-01 8.836754955672687650e-01 0.000000000000000000e+00
3.888984730152520441e-01 5.000000000000000000e-01 -4.748617782328878323e-01 0.000000000000000000e+00
5.284162918456767333e-01 5.000000000000000000e-01 -4.748617782328878323e-01 0.000000000000000000e+00
4.970903543585719064e-01 5.000000000000000000e-01 -4.748617782328878323e-01 0.000000000000000000e+00
5.269273681240466134e-01 5.000000000000000000e-01 1.187630945414496875e+00 0.000000000000000000e+00
5.180664378437945805e-01 5.000000000000000000e-01 1.187630945414496875e+00 0.000000000000000000e+00
5.092055075635425476e-01 5.000000000000000000e-01 1.187630945414496875e+00 0.000000000000000000e+00
6.434045345839746188e-01 5.000000000000000000e-01 -1.092804406211265622e+00 0.000000000000000000e+00
4.646950611424460753e-01 5.000000000000000000e-01 -1.092804406211265622e+00 0.000000000000000000e+00
5.137707487078819746e-01 5.000000000000000000e-01 -1.092804406211265622e+00 0.000000000000000000e+00
7.390047881057919543e-01 5.000000000000000000e-01 9.466975856883969032e-01 0.000000000000000000e+00
4.626722277480018186e-01 5.000000000000000000e-01 9.466975856883969032e-01 0.000000000000000000e+00
4.961569613039659710e-01 5.000000000000000000e-01 9.466975856883969032e-01 0.000000000000000000e+00
4.338693632316413251e-01 5.000000000000000000e-01 -9.028081961561715274e-02 0.000000000000000000e+00
5.080081404619684049e-01 5.000000000000000000e-01 -9.028081961561715274e-02 0.000000000000000000e+00
5.007970070555872732e-01 5.000000000000000000e-01 -9.028081961561715274e-02 0.000000000000000000e+00
5.715247511395257218e-01 5.000000000000000000e-01 1.632167178938170204e+00 0.000000000000000000e+00
5.359331328922624094e-01 5.000000000000000000e-01 1.632167178938170204e+00 0.000000000000000000e+00
5.003415146449990969e-01 5.000000000000000000e-01 1.632167178938170204e+00 0.000000000000000000e+00
9.334791291798527624e-01 5.000000000000000000e-01 -9.190194621566469824e-01 0.000000000000000000e+00
6.105036426259364823e-01 5.000000000000000000e-01 -9.190194621566469824e-01 0.000000000000000000e+00
5.111323583513027735e-01 5.000000000000000000e-01 -9.190194621566469824e-01 0.000000000000000000e+00
2.929424119325261255e-01 5.000000000000000000e-01 1.654804097629054560e+00 0.000000000000000000e+00
4.857018776594994591e-01 5.000000000000000000e-01 1.654804097629054560e+00 0.000000000000000000e+00
5.076175870689432212e-01 5.000000000000000000e-01 1.654804097629054560e+00 0.000000000000000000e+00
7.194068507176897276e-01 5.000000000000000000e-01 -1.121117951385892209e+00 0.000000000000000000e+00
5.399895386467955527e-01 5.000000000000000000e-01 -1.121117951385892209e+00 0.000000000000000000e+00
5.021442959483940482e-01 5.000000000000000000e-01 -1.121117951385892209e+00 0.000000000000000000e+00
2.254095195912200200e-01 5.000000000000000000e-01 2.829547637839058272e-01 0.000000000000000000e+00
5.324833886858177934e-01 5.000000000000000000e-01 2.829547637839058272e-01 0.000000000000000000e+00
5.010055538648009454e-01 5.000000000000000000e-01 2.829547637839058272e-01 0.000000000000000000e+00
1.396972381975537525e-01 5.000000000000000000e-01 -4.426207118072708058e-01 0.000000000000000000e+00
4.286317204023720739e-01 5.000000000000000000e-01 -4.426207118072708058e-01 0.000000000000000000e+00
4.939620003279078242e-01 5.000000000000000000e-01 -4.426207118072708058e-01 0.000000000000000000e+00
8.034798757495706933e-01 5.000000000000000000e-01 -9.252419897570115515e-01 0.000000000000000000e+00
4.803488260056452686e-01 5.000000000000000000e-01 -9.252419897570115515e-01 0.000000000000000000e+00
4.957694801773344095e-01 5.000000000000000000e-01 -9.252419897570115515e-01 0.000000000000000000e+00
5.786647713750738831e-01 5.000000000000000000e-01 -5.418616770294809593e-01 0.000000000000000000e+00
4.887224317286193442e-01 5.000000000000000000e-01 -5.418616770294809593e-01 0.000000000000000000e+00
4.946302828341649360e-01 5.000000000000000000e-01 -5.418616770294809593e-01 0.000000000000000000e+00
9.004256767200885525e-02 5.000000000000000000e-01 -8.948432271634308710e-02 0.000000000000000000e+00
3.878054596041003999e-01 5.000000000000000000e-01 -8.948432271634308710e-02 0.000000000000000000e+00
5.369577148224387031e-01 5.000000000000000000e-01 -8.948432271634308710e-02 0.000000000000000000e+00
3.678715700435510882e-01 5.000000000000000000e-01 1.268721405359203969e+00 0.000000000000000000e+00
4.759854028982486995e-01 5.000000000000000000e-01 1.268721405359203969e+00 0.000000000000000000e+00
4.978861441184745384e-01 5.000000000000000000e-01 1.268721405359203969e+00 0.000000000000000000e+00
5.309948326562804466e-01 5.000000000000000000e-01 -1.761898619271622946e-01 0.000000000000000000e+00
5.071356930768188276e-01 5.000000000000000000e-01 -1.761898619271622946e-01 0.000000000000000000e+00
5.002309465286397527e-01 5.000000000000000000e-01 -1.761898619271622946e-01 0.000000000000000000e+00
6.200111892897582078e-02 5.000000000000000000e-01 -9.408710361235306241e-02 0.000000000000000000e+00
3.596489413386670941e-01 5.000000000000000000e-01 -9.408710361235306241e-02 0.000000000000000000e+00
5.086861270346052510e-01 5.000000000000000000e-01 -9.408710361235306241e-02 0.000000000000000000e+00
4.619282285963928203e-01 5.000000000000000000e-01 1.533270637612613729e+00 0.000000000000000000e+00
5.002599945367081080e-01 5.000000000000000000e-01 1.533270637612613729e+00 0.000000000000000000e+00
5.000400565614090409e-01 5.000000000000000000e-01 1.533270637612613729e+00 0.000000000000000000e+00
8.730840152734548054e-01 5.000000000000000000e-01 2.523966050007762085e-01 0.000000000000000000e+00
5.793939303984740885e-01 5.000000000000000000e-01 2.523966050007762085e-01 0.000000000000000000e+00
5.093080478027759428e-01 5.000000000000000000e-01 2.523966050007762085e-01 0.000000000000000000e+00
8.723999809859031007e-01 5.000000000000000000e-01 -1.537139827264435210e+00 0.000000000000000000e+00
5.339714853042920595e-01 5.000000000000000000e-01 -1.537139827264435210e+00 0.000000000000000000e+00
5.004971025386718564e-01 5.000000000000000000e-01 -1.537139827264435210e+00 0.000000000000000000e+00
6.528312518910438511e-01 5.000000000000000000e-01 -8.034412334805118849e-01 0.000000000000000000e+00
4.813558577677841122e-01 5.000000000000000000e-01 -8.034412334805118849e-01 0.000000000000000000e+00
4.998215308463857531e-01 5.000000000000000000e-01 -8.034412334805118849e-01 0.000000000000000000e+00
9.520306126776295619e-01 5.000000000000000000e-01 1.205190060650431993e+00 0.000000000000000000e+00
6.821603641938902562e-01 5.000000000000000000e-01 1.205190060650431993e+00 0.000000000000000000e+00
5.609007524239041365e-01 5.000000000000000000e-01 1.205190060650431993e+00 0.000000000000000000e+00
5.366552114110370031e-01 5.000000000000000000e-01 -1.495495411789617979e+00 0.000000000000000000e+00
4.992678261162965536e-01 5.000000000000000000e-01 -1.495495411789617979e+00 0.000000000000000000e+00
5.004321447371705700e-01 5.000000000000000000e-01 -1.495495411789617979e+00 0.000000000000000000e+00
7.162309445303265409e-01 5.000000000000000000e-01 -1.107689588380183388e+00 0.000000000000000000e+00
5.371493415345750533e-01 5.000000000000000000e-01 -1.107689588380183388e+00 0.000000000000000000e+00
4.996398079113162360e-01 5.000000000000000000e-01 -1.107689588380183388e+00 0.000000000000000000e+00
7.647346735834700260e-01 5.000000000000000000e-01 -1.605482601302557155e+00 0.000000000000000000e+00
5.732082452646591886e-01 5.000000000000000000e-01 -1.605482601302557155e+00 0.000000000000000000e+00
4.945194763164807994e-01 5.000000000000000000e-01 -1.605482601302557155e+00 0.000000000000000000e+00
2.532298208423665598e-01 5.000000000000000000e-01 9.404121105272623959e-02 0.000000000000000000e+00
5.555808511186848264e-01 5.000000000000000000e-01 9.404121105272623959e-02 0.000000000000000000e+00
4.815360836742854644e-01 5.000000000000000000e-01 9.404121105272623959e-02 0.000000000000000000e+00
1.988368148532313473e-01 5.000000000000000000e-01 6.186315441247906000e-01 0.000000000000000000e+00
5.143026034563511484e-01 5.000000000000000000e-01 6.186315441247906000e-01 0.000000000000000000e+00
4.912166881438564392e-01 5.000000000000000000e-01 6.186315441247906000e-01 0.000000000000000000e+00
3.305097026698700646e-01 5.000000000000000000e-01 -4.855654933350413982e-01 0.000000000000000000e+00
4.697599286227409632e-01 5.000000000000000000e-01 -4.855654933350413982e-01 0.000000000000000000e+00
4.961724952049793580e-01 5.000000000000000000e-01 -4.855654933350413982e-01 0.000000000000000000e+00
5.345416119874265570e-01 5.000000000000000000e-01 1.586679950177130483e+00 0.000000000000000000e+00
4.978128130211372793e-01 5.000000000000000000e-01 1.586679950177130483e+00 0.000000000000000000e+00
4.989281078599511199e-01 5.000000000000000000e-01 1.586679950177130483e+00 0.000000000000000000e+00
4.399902629670067178e-01 5.000000000000000000e-01 -9.156129237029522194e-01 0.000000000000000000e+00
4.934957375951504188e-01 5.000000000000000000e-01 -9.156129237029522194e-01 0.000000000000000000e+00
5.091571184181911125e-01 5.000000000000000000e-01 -9.156129237029522194e-01 0.000000000000000000e+00
5.696111304233826278e-01 5.000000000000000000e-01 -1.391156519095318178e-01 0.000000000000000000e+00
4.897374414049268099e-01 5.000000000000000000e-01 -1.391156519095318178e-01 0.000000000000000000e+00
4.960768440209427643e-01 5.000000000000000000e-01 -1.391156519095318178e-01 0.000000000000000000e+00
9.272029165221611358e-01 5.000000000000000000e-01 8.114565640322322082e-01 0.000000000000000000e+00
6.474893306229667633e-01 5.000000000000000000e-01 8.114565640322322082e-01 0.000000000000000000e+00
5.163863814375255767e-01 5.000000000000000000e-01 8.114565640322322082e-01 0.000000000000000000e+00
2.673623431850171706e-01 5.000000000000000000e-01 -1.139399651168635952e+00 0.000000000000000000e+00
5.388773519058013273e-01 5.000000000000000000e-01 -1.139399651168635952e+00 0.000000000000000000e+00
5.005750667128311404e-01 5.000000000000000000e-01 -1.139399651168635952e+00 0.000000000000000000e+00
4.697729222268402505e-01 5.000000000000000000e-01 9.092374833724958805e-01 0.000000000000000000e+00
5.023211532249068911e-01 5.000000000000000000e-01 9.092374833724958805e-01 0.000000000000000000e+00
5.055976972779366863e-01 5.000000000000000000e-01 9.092374833724958805e-01 0.000000000000000000e+00
3.313679724057281839e-01 5.000000000000000000e-01 6.273015332714848569e-01 0.000000000000000000e+00
4.984398740237622194e-01 5.000000000000000000e-01 6.273015332714848569e-01 0.000000000000000000e+00
5.043051184417950417e-01 5.000000000000000000e-01 6.273015332714848569e-01 0.000000000000000000e+00
7.832582106797021382e-01 5.000000000000000000e-01 4.800182595354555715e-01 0.000000000000000000e+00
4.952586671680884178e-01 5.000000000000000000e-01 4.800182595354555715e-01 0.000000000000000000e+00
5.023050107404841702e-01 5.000000000000000000e-01 4.800182595354555715e-01 0.000000000000000000e+00
4.186520384972868269e-01 5.000000000000000000e-01 2.620679143146196211e-01 0.000000000000000000e+00
5.015995340758698795e-01 5.000000000000000000e-01 2.620679143146196211e-01 0.000000000000000000e+00
4.983339380199811042e-01 5.000000000000000000e-01 2.620679143146196211e-01 0.000000000000000000e+00
5.134801275973898127e-01 5.000000000000000000e-01 1.259558649556699716e+00 0.000000000000000000e+00
5.064173899206928509e-01 5.000000000000000000e-01 1.259558649556699716e+00 0.000000000000000000e+00
4.993546522439958890e-01 5.000000000000000000e-01 1.259558649556699716e+00 0.000000000000000000e+00
1.894587979554858692e-01 5.000000000000000000e-01 5.818336314351962857e-01 0.000000000000000000e+00
5.040046387413659179e-01 5.000000000000000000e-01 5.818336314351962857e-01 0.000000000000000000e+00
4.990960864959632093e-01 5.000000000000000000e-01 5.818336314351962857e-01 0.000000000000000000e+00
1.963589919693005670e-01 5.000000000000000000e-01 -1.242502515542118768e+00 0.000000000000000000e+00
4.652964290807476422e-01 5.000000000000000000e-01 -1.242502515542118768e+00 0.000000000000000000e+00
5.106296639129122017e-01 5.000000000000000000e-01 -1.242502515542118768e+00 0.000000000000000000e+00
1.931081338147674908e-01 5.000000000000000000e-01 9.215803544739864517e-01 0.000000000000000000e+00
5.161476426766171688e-01 5.000000000000000000e-01 9.215803544739864517e-01 0.000000000000000000e+00
5.006354476228523920e-01 5.000000000000000000e-01 9.215803544739864517e-01 0.000000000000000000e+00
5.497515533028060064e-01 5.000000000000000000e-01 1.505647027567674989e+00 0.000000000000000000e+00
5.109969312712803191e-01 5.000000000000000000e-01 1.505647027567674989e+00 0.000000000000000000e+00
5.100864030448577502e-01 5.000000000000000000e-01 1.505647027567674989e+00 0.000000000000000000e+00
8.120003359542433963e-02 5.000000000000000000e-01 -1.174527664695903750e+00 0.000000000000000000e+00
3.518368419780268375e-01 5.000000000000000000e-01 -1.174527664695903750e+00 0.000000000000000000e+00
4.738630136468761633e-01 5.000000000000000000e-01 -1.174527664695903750e+00 0.000000000000000000e+00
2.644322889544099553e-01 5.000000000000000000e-01 -1.203701069781424327e+00 0.000000000000000000e+00
5.343397622098744471e-01 5.000000000000000000e-01 -1.203701069781424327e+00 0.000000000000000000e+00
4.992931225493481562e-01 5.000000000000000000e-01 -1.203701069781424327e+00 0.000000000000000000e+00
2.077764749797741672e-01 5.000000000000000000e-01 1.655858217626287043e+00 0.000000000000000000e+00
5.491729304204314710e-01 5.000000000000000000e-01 1.655858217626287043e+00 0.000000000000000000e+00
5.141735881403711739e-01 5.000000000000000000e-01 1.655858217626287043e+00 0.000000000000000000e+00
3.590609178638313748e-01 5.000000000000000000e-01 1.296576940388034727e+00 0.000000000000000000e+00
4.678711390942497661e-01 5.000000000000000000e-01 1.296576940388034727e+00 0.000000000000000000e+00
5.002855626039506287e-01 5.000000000000000000e-01 1.296576940388034727e+00 0.000000000000000000e+00
8.988708014987394357e-01 5.000000000000000000e-01 -8.893533828297723876e-01 0.000000000000000000e+00
5.766369669279950427e-01 5.000000000000000000e-01 -8.893533828297723876e-01 0.000000000000000000e+00
5.158514284416362283e-01 5.000000000000000000e-01 -8.893533828297723876e-01 0.000000000000000000e+00
3.210760559875047160e-01 5.000000000000000000e-01 -1.487804744125079681e-01 0.000000000000000000e+00
4.687459074134389669e-01 5.000000000000000000e-01 -1.487804744125079681e-01 0.000000000000000000e+00
5.035780994687406587e-01 5.000000000000000000e-01 -1.487804744125079681e-01 0.000000000000000000e+00
1.019463407773416458e-01 5.000000000000000000e-01 -1.549069849376327301e+00 0.000000000000000000e+00
3.632195945429335660e-01 5.000000000000000000e-01 -1.549069849376327301e+00 0.000000000000000000e+00
4.758822115947722864e-01 5.000000000000000000e-01 -1.549069849376327301e+00 0.000000000000000000e+00
6.221200014668892830e-01 5.000000000000000000e-01 -8.597662814444800850e-01 0.000000000000000000e+00
5.242300467100597938e-01 5.000000000000000000e-01 -8.597662814444800850e-01 0.000000000000000000e+00
5.002358896739478311e-01 5.000000000000000000e-01 -8.597662814444800850e-01 0.000000000000000000e+00
1.277172182688112168e-01 5.000000000000000000e-01 1.423940303730386048e-01 0.000000000000000000e+00
4.312770690281372832e-01 5.000000000000000000e-01 1.423940303730386048e-01 0.000000000000000000e+00
5.112327175081807784e-01 5.000000000000000000e-01 1.423940303730386048e-01 0.000000000000000000e+00
6.071026063834789044e-01 5.000000000000000000e-01 9.468945379168117737e-01 0.000000000000000000e+00
4.793856065451522763e-01 5.000000000000000000e-01 9.468945379168117737e-01 0.000000000000000000e+00
5.005579699930725601e-01 5.000000000000000000e-01 9.468945379168117737e-01 0.000000000000000000e+00
8.144699346059030010e-01 5.000000000000000000e-01 -1.161891996138531002e+00 0.000000000000000000e+00
4.854226347024396815e-01 5.000000000000000000e-01 -1.161891996138531002e+00 0.000000000000000000e+00
4.949270387145908723e-01 5.000000000000000000e-01 -1.161891996138531002e+00 0.000000000000000000e+00
6.554722168976082619e-01 5.000000000000000000e-01 2.547192195511892021e-01 0.000000000000000000e+00
5.104508341001410265e-01 5.000000000000000000e-01 2.547192195511892021e-01 0.000000000000000000e+00
4.973644215576381589e-01 5.000000000000000000e-01 2.547192195511892021e-01 0.000000000000000000e+00
7.782536897737887260e-01 5.000000000000000000e-01 1.137710906720093451e+00 0.000000000000000000e+00
5.066964624417908958e-01 5.000000000000000000e-01 1.137710906720093451e+00 0.000000000000000000e+00
4.965875311941787551e-01 5.000000000000000000e-01 1.137710906720093451e+00 0.000000000000000000e+00
1.566276549785603489e-01 5.000000000000000000e-01 1.129083028803470334e+00 0.000000000000000000e+00
4.848547306986472072e-01 5.000000000000000000e-01 1.129083028803470334e+00 0.000000000000000000e+00
5.032645125049797219e-01 5.000000000000000000e-01 1.129083028803470334e+00 0.000000000000000000e+00
6.672855652511496816e-01 5.000000000000000000e-01 -1.511409236937607536e+00 0.000000000000000000e+00
4.781109710414626068e-01 5.000000000000000000e-01 -1.511409236937607536e+00 0.000000000000000000e+00
5.167215378387399749e-01 5.000000000000000000e-01 -1.511409236937607536e+00 0.000000000000000000e+00
9.907930898137050357e-02 5.000000000000000000e-01 -9.129829217688709697e-01 0.000000000000000000e+00
3.762547359371488653e-01 5.000000000000000000e-01 -9.129829217688709697e-01 0.000000000000000000e+00
5.048195261791740274e-01 5.000000000000000000e-01 -9.129829217688709697e-01 0.000000000000000000e+00
8.451223418998637937e-01 5.000000000000000000e-01 -5.361514026402685040e-01 0.000000000000000000e+00
5.317185568338569368e-01 5.000000000000000000e-01 -5.361514026402685040e-01 0.000000000000000000e+00
4.988603787365676334e-01 5.000000000000000000e-01 -5.361514026402685040e-01 0.000000000000000000e+00
7.980907715239207167e-01 5.000000000000000000e-01 1.655362590371887155e+00 0.000000000000000000e+00
5.394748362832177957e-01 5.000000000000000000e-01 1.655362590371887155e+00 0.000000000000000000e+00
5.044631033217974458e-01 5.000000000000000000e-01 1.655362590371887155e+00 0.000000000000000000e+00
2.964507510138465474e-01 5.000000000000000000e-01 -4.231738077117278007e-01 0.000000000000000000e+00
4.372607691073002734e-01 5.000000000000000000e-01 -4.231738077117278007e-01 0.000000000000000000e+00
5.030772216352246140e-01 5.000000000000000000e-01 -4.231738077117278007e-01 0.000000000000000000e+00
1.765618980114636583e-01 5.000000000000000000e-01 -1.566055780991764568e+00 0.000000000000000000e+00
4.374105034866696551e-01 5.000000000000000000e-01 -1.566055780991764568e+00 0.000000000000000000e+00
4.746549066825930807e-01 5.000000000000000000e-01 -1.566055780991764568e+00 0.000000000000000000e+00
6.834831023607331746e-01 5.000000000000000000e-01 8.381704247058552326e-01 0.000000000000000000e+00
5.530479996921326968e-01 5.000000000000000000e-01 8.381704247058552326e-01 0.000000000000000000e+00
4.976064625890615489e-01 5.000000000000000000e-01 8.381704247058552326e-01 0.000000000000000000e+00
7.470027056873238536e-01 5.000000000000000000e-01 1.631211353401078590e+00 0.000000000000000000e+00
4.877829895223507184e-01 5.000000000000000000e-01 1.631211353401078590e+00 0.000000000000000000e+00
5.091088803260950257e-01 5.000000000000000000e-01 1.631211353401078590e+00 0.000000000000000000e+00
1.433195832219474330e-01 5.000000000000000000e-01 -4.539085410339770976e-01 0.000000000000000000e+00
4.319718696960981319e-01 5.000000000000000000e-01 -4.539085410339770976e-01 0.000000000000000000e+00
4.970199538909662040e-01 5.000000000000000000e-01 -4.539085410339770976e-01 0.000000000000000000e+00
9.999446433985735849e-01 5.000000000000000000e-01 1.557741486219720750e+00 0.000000000000000000e+00
7.388881805540665759e-01 5.000000000000000000e-01 1.557741486219720750e+00 0.000000000000000000e+00
4.778317177095595114e-01 5.000000000000000000e-01 1.557741486219720750e+00 0.000000000000000000e+00
3.746602995144706627e-01 5.000000000000000000e-01 -1.541516015294933650e+00 0.000000000000000000e+00
4.875117624183442633e-01 5.000000000000000000e-01 -1.541516015294933650e+00 0.000000000000000000e+00
4.875255659515853601e-01 5.000000000000000000e-01 -1.541516015294933650e+00 0.000000000000000000e+00
9.565138356171394296e-01 5.000000000000000000e-01 6.204546601606442113e-01 0.000000000000000000e+00
6.720252021211554627e-01 5.000000000000000000e-01 6.204546601606442113e-01 0.000000000000000000e+00
5.361472053389246817e-01 5.000000000000000000e-01 6.204546601606442113e-01 0.000000000000000000e+00
