4.981396788683627452e-01 0.000000000000000000e+00 -3.247068168616715766e-01 0.000000000000000000e+00
5.616751676474985855e-01 0.000000000000000000e+00 -1.280515257718428668e+00 0.000000000000000000e+00
5.138891953225618314e-01 0.000000000000000000e+00 -8.655550320225465777e-01 0.000000000000000000e+00
4.439748673741941154e-01 0.000000000000000000e+00 6.004790951119423070e-01 0.000000000000000000e+00
5.431462164183428198e-01 0.000000000000000000e+00 4.608969894423720071e-01 0.000000000000000000e+00
5.592318150897664930e-01 0.000000000000000000e+00 -7.493474145315144330e-01 0.000000000000000000e+00
4.797272139818076764e-01 0.000000000000000000e+00 -3.090800742950428059e-01 0.000000000000000000e+00
3.889432589620704372e-01 0.000000000000000000e+00 -7.546212328959399640e-01 0.000000000000000000e+00
5.099670247040714033e-01 0.000000000000000000e+00 7.835563020577582805e-01 0.000000000000000000e+00
3.726163227473615058e-01 0.000000000000000000e+00 -1.248286165583788687e+00 0.000000000000000000e+00
5.444829927174584805e-01 0.000000000000000000e+00 -4.225895430239798856e-01 0.000000000000000000e+00
5.030040968966864590e-01 0.000000000000000000e+00 3.105535774468997090e-01 0.000000000000000000e+00
5.506898362230024935e-01 0.000000000000000000e+00 1.091186194627512318e+00 0.000000000000000000e+00
4.170179133657641035e-01 0.000000000000000000e+00 -1.068817070078029285e+00 0.000000000000000000e+00
5.232763673714080355e-01 0.000000000000000000e+00 2.693364165370546459e-01 0.000000000000000000e+00
4.710709104036030492e-01 0.000000000000000000e+00 -1.412778094546658370e+00 0.000000000000000000e+00
4.534982366559359157e-01 0.000000000000000000e+00 -2.922179144920062921e-01 0.000000000000000000e+00
5.437849115832750213e-01 0.000000000000000000e+00 9.800821209997554462e-01 0.000000000000000000e+00
5.294380112277602413e-01 0.000000000000000000e+00 8.694052130331471062e-01 0.000000000000000000e+00
6.062909800323714737e-01 0.000000000000000000e+00 6.350521595273272979e-02 0.000000000000000000e+00
5.432569940860301205e-01 0.000000000000000000e+00 4.854313890894936812e-01 0.000000000000000000e+00
4.909513599506467041e-01 0.000000000000000000e+00 8.842354761918489459e-01 0.000000000000000000e+00
4.800134674550945446e-01 0.000000000000000000e+00 -1.491251733796181256e+00 0.000000000000000000e+00
5.179172160413050285e-01 0.000000000000000000e+00 4.517359424094520293e-01 0.000000000000000000e+00
5.013717125436625288e-01 0.000000000000000000e+00 -1.149434898864942767e+00 0.000000000000000000e+00
4.597208007321062495e-01 0.000000000000000000e+00 -2.600066207603033419e-01 0.000000000000000000e+00
4.776432022798621779e-01 0.000000000000000000e+00 9.789234756070817056e-01 0.000000000000000000e+00
5.293898006676723833e-01 0.000000000000000000e+00 1.321377524755989352e+00 0.000000000000000000e+00
4.708791862129235173e-01 0.000000000000000000e+00 9.618980788111470837e-01 0.000000000000000000e+00
6.101930048176739119e-01 0.000000000000000000e+00 1.184154565110986379e-01 0.000000000000000000e+00
5.592065198032347695e-01 0.000000000000000000e+00 -1.281158218602812759e+00 0.000000000000000000e+00
5.274032389744440774e-01 0.000000000000000000e+00 -1.029754546164718398e-01 0.000000000000000000e+00
5.447582497427057024e-01 0.000000000000000000e+00 -1.187017394233829126e+00 0.000000000000000000e+00
5.180642234161780824e-01 0.000000000000000000e+00 2.518356551567693113e-01 0.000000000000000000e+00
5.216998852501836259e-01 0.000000000000000000e+00 -1.960032275616852004e-01 0.000000000000000000e+00
4.939227173203621923e-01 0.000000000000000000e+00 3.596645585132909329e-01 0.000000000000000000e+00
5.212944212357280005e-01 0.000000000000000000e+00 1.297663616286610644e+00 0.000000000000000000e+00
4.769359273132420252e-01 0.000000000000000000e+00 1.185998944014543532e+00 0.000000000000000000e+00
4.852670173505489459e-01 0.000000000000000000e+00 -3.818828091344301789e-01 0.000000000000000000e+00
5.600087909898331384e-01 0.000000000000000000e+00 -1.325840303665838604e+00 0.000000000000000000e+00
5.553653099995176090e-01 0.000000000000000000e+00 3.448528919425237760e-01 0.000000000000000000e+00
3.775139110619182281e-01 0.000000000000000000e+00 1.050003256577127786e-01 0.000000000000000000e+00
5.531983326713542093e-01 0.000000000000000000e+00 -8.098938648170873611e-01 0.000000000000000000e+00
5.027552776513397603e-01 0.000000000000000000e+00 2.474403215137632728e-01 0.000000000000000000e+00
4.847020448681784721e-01 0.000000000000000000e+00 -1.510233905771047880e-01 0.000000000000000000e+00
5.484518475772091062e-01 0.000000000000000000e+00 1.015462560045742091e+00 0.000000000000000000e+00
4.773869550581600896e-01 0.000000000000000000e+00 1.970719191624281663e-01 0.000000000000000000e+00
6.456507128792484673e-01 0.000000000000000000e+00 6.937054368296289297e-01 0.000000000000000000e+00
5.008734483303286522e-01 0.000000000000000000e+00 -7.253000939327839403e-01 0.000000000000000000e+00
5.229489771110701346e-01 0.000000000000000000e+00 9.812964988454591087e-01 0.000000000000000000e+00
5.334147421570056835e-01 0.000000000000000000e+00 1.015124378553019291e+00 0.000000000000000000e+00
4.774245134280690750e-01 0.000000000000000000e+00 1.389318290392365096e+00 0.000000000000000000e+00
4.451818833215512861e-01 0.000000000000000000e+00 -1.155829972075320455e+00 0.000000000000000000e+00
4.508466942232963737e-01 0.000000000000000000e+00 1.176831225997281294e+00 0.000000000000000000e+00
5.086223751266770732e-01 0.000000000000000000e+00 1.430637949388927410e+00 0.000000000000000000e+00
5.595975368603123279e-01 0.000000000000000000e+00 9.864084961357395542e-01 0.000000000000000000e+00
4.521487773001472976e-01 0.000000000000000000e+00 1.308461022966257659e+00 0.000000000000000000e+00
4.322070347724977779e-01 0.000000000000000000e+00 1.141548745849000568e+00 0.000000000000000000e+00
4.879579151229490597e-01 0.000000000000000000e+00 9.926255989343033548e-01 0.000000000000000000e+00
5.127538511054744452e-01 0.000000000000000000e+00 7.098004566810187654e-01 0.000000000000000000e+00
5.344040558706465438e-01 0.000000000000000000e+00 1.096677147031340116e+00 0.000000000000000000e+00
4.697191139163341966e-01 0.000000000000000000e+00 -7.636759318960972820e-01 0.000000000000000000e+00
4.788160399459699956e-01 0.000000000000000000e+00 1.094624861773324742e+00 0.000000000000000000e+00
4.590471256191115401e-01 0.000000000000000000e+00 -1.774100628872146146e-01 0.000000000000000000e+00
5.395215113720318589e-01 0.000000000000000000e+00 3.058420448632417354e-01 0.000000000000000000e+00
4.854919849171769330e-01 0.000000000000000000e+00 1.466144153251716098e-01 0.000000000000000000e+00
4.793133673661155170e-01 0.000000000000000000e+00 1.358240220748409222e+00 0.000000000000000000e+00
6.407726970376333986e-01 0.000000000000000000e+00 1.132386148240998036e+00 0.000000000000000000e+00
6.183015436643501950e-01 0.000000000000000000e+00 1.066299980558396143e+00 0.000000000000000000e+00
5.328445889223935028e-01 0.000000000000000000e+00 -9.373034117335000692e-01 0.000000000000000000e+00
4.551243780871596645e-01 0.000000000000000000e+00 -8.192304453284871002e-02 0.000000000000000000e+00
5.330941974634224589e-01 0.000000000000000000e+00 -1.278373465796727171e-01 0.000000000000000000e+00
5.109672102452661457e-01 0.000000000000000000e+00 -4.450582858790821383e-01 0.000000000000000000e+00
5.347655218169694580e-01 0.000000000000000000e+00 3.437786717907997946e-01 0.000000000000000000e+00
4.750544399838277920e-01 0.000000000000000000e+00 -7.340659865500338555e-01 0.000000000000000000e+00
4.595696593673073149e-01 0.000000000000000000e+00 -7.622147995993506786e-01 0.000000000000000000e+00
5.063928779787191248e-01 0.000000000000000000e+00 9.927202001220805094e-01 0.000000000000000000e+00
5.293230215152474605e-01 0.000000000000000000e+00 9.129608235721020648e-02 0.000000000000000000e+00
4.649720356431546464e-01 0.000000000000000000e+00 -1.302662428548326590e+00 0.000000000000000000e+00
4.927879898253193502e-01 0.000000000000000000e+00 1.165716253293217264e+00 0.000000000000000000e+00
4.796547448394954394e-01 0.000000000000000000e+00 5.592910737110301511e-01 0.000000000000000000e+00
5.589281890393545948e-01 0.000000000000000000e+00 8.687051060006614200e-01 0.000000000000000000e+00
5.492820698391280843e-01 0.000000000000000000e+00 1.441861873094417934e+00 0.000000000000000000e+00
5.085455996616350394e-01 0.000000000000000000e+00 -1.079617270826071174e+00 0.000000000000000000e+00
4.680783909320127001e-01 0.000000000000000000e+00 6.015205083701782307e-01 0.000000000000000000e+00
5.486240771993513565e-01 0.000000000000000000e+00 4.706320489497946014e-01 0.000000000000000000e+00
5.334258683003127999e-01 0.000000000000000000e+00 9.870513136543332955e-01 0.000000000000000000e+00
5.255143530499776228e-01 0.000000000000000000e+00 -1.851469424320484336e-01 0.000000000000000000e+00
4.651263491071870870e-01 0.000000000000000000e+00 -3.215071278839769509e-01 0.000000000000000000e+00
4.841769606982694318e-01 0.000000000000000000e+00 1.149470410051516289e+00 0.000000000000000000e+00
6.293399845247931168e-01 0.000000000000000000e+00 -1.341246185186000250e+00 0.000000000000000000e+00
4.849795353746558235e-01 0.000000000000000000e+00 3.844332911117867013e-01 0.000000000000000000e+00
5.502393631900255322e-01 0.000000000000000000e+00 -2.646135033692968985e-01 0.000000000000000000e+00
5.368286557087538213e-01 0.000000000000000000e+00 -1.039686222912601821e+00 0.000000000000000000e+00
4.853401512627790182e-01 0.000000000000000000e+00 7.855823345894732412e-01 0.000000000000000000e+00
4.617718298253617459e-01 0.000000000000000000e+00 -1.495732183701572460e+00 0.000000000000000000e+00
5.368192556697375384e-01 0.000000000000000000e+00 -1.374680922542884431e+00 0.000000000000000000e+00
6.037637878931232382e-01 0.000000000000000000e+00 6.572699494710398938e-01 0.000000000000000000e+00
6.292403402242938704e-01 0.000000000000000000e+00 -2.434946768606605083e-01 0.000000000000000000e+00
4.470487620275725993e-01 0.000000000000000000e+00 -3.397851158460205578e-01 0.000000000000000000e+00
5.513848653820604406e-01 0.000000000000000000e+00 -7.785047002908963565e-01 0.000000000000000000e+00
5.388033965755929522e-01 0.000000000000000000e+00 -1.147525306113740040e+00 0.000000000000000000e+00
5.330484980686485130e-01 0.000000000000000000e+00 -7.971504407101738243e-01 0.000000000000000000e+00
5.456250429071497487e-01 0.000000000000000000e+00 -2.248664372326674155e-01 0.000000000000000000e+00
4.816764659888321254e-01 0.000000000000000000e+00 5.253489036766367803e-01 0.000000000000000000e+00
4.456207864029505528e-01 0.000000000000000000e+00 4.955907841462778851e-01 0.000000000000000000e+00
4.334625896585866944e-01 0.000000000000000000e+00 -1.404810533643415127e+00 0.000000000000000000e+00
4.891939559099892088e-01 0.000000000000000000e+00 1.211373573151376171e+00 0.000000000000000000e+00
5.153970081913227252e-01 0.000000000000000000e+00 -1.445251254715074873e+00 0.000000000000000000e+00
4.195941358600722149e-01 0.000000000000000000e+00 1.272431130708702174e+00 0.000000000000000000e+00
4.833251637147826241e-01 0.000000000000000000e+00 8.188372908254835103e-01 0.000000000000000000e+00
5.070707160952953041e-01 0.000000000000000000e+00 5.981281717495678940e-01 0.000000000000000000e+00
5.951501475425342580e-01 0.000000000000000000e+00 1.459477045053398481e+00 0.000000000000000000e+00
4.064024783525847506e-01 0.000000000000000000e+00 -1.344457724173143909e+00 0.000000000000000000e+00
4.494547252284294969e-01 0.000000000000000000e+00 3.641001210297380997e-01 0.000000000000000000e+00
5.856212466674965977e-01 0.000000000000000000e+00 -1.229693671729045201e+00 0.000000000000000000e+00
5.238693686378231851e-01 0.000000000000000000e+00 -1.202351221221244160e+00 0.000000000000000000e+00
4.585791362429328943e-01 0.000000000000000000e+00 -1.121026513357254784e+00 0.000000000000000000e+00
5.924692833365566846e-01 0.000000000000000000e+00 1.759174442609681144e-01 0.000000000000000000e+00
4.827941759402471500e-01 0.000000000000000000e+00 -1.274858697933710872e+00 0.000000000000000000e+00
5.237036237562125995e-01 0.000000000000000000e+00 4.246247818582054023e-01 0.000000000000000000e+00
5.485382172397356149e-01 0.000000000000000000e+00 1.112933983272266669e+00 0.000000000000000000e+00
4.466287717558726222e-01 0.000000000000000000e+00 8.115512745731296995e-01 0.000000000000000000e+00
4.833600045738505879e-01 0.000000000000000000e+00 -1.315590883279551759e+00 0.000000000000000000e+00
5.036859069991020954e-01 0.000000000000000000e+00 -1.490045255585803252e+00 0.000000000000000000e+00
5.106271347284100370e-01 0.000000000000000000e+00 2.879563130848228347e-01 0.000000000000000000e+00
5.143235302579451940e-01 0.000000000000000000e+00 -4.935883841154056206e-01 0.000000000000000000e+00
5.680523454775950887e-01 0.000000000000000000e+00 -1.373019202441652986e+00 0.000000000000000000e+00
5.207603235196500702e-01 0.000000000000000000e+00 -3.483052101421377778e-01 0.000000000000000000e+00
5.793366015143319725e-01 0.000000000000000000e+00 -1.079240105706706920e-01 0.000000000000000000e+00
4.722886702546272852e-01 0.000000000000000000e+00 1.275257656957879515e+00 0.000000000000000000e+00
4.198491007820278065e-01 0.000000000000000000e+00 -2.681426568958857892e-01 0.000000000000000000e+00
5.557943260414244246e-01 0.000000000000000000e+00 1.434185646107833279e+00 0.000000000000000000e+00
5.222693663260370434e-01 0.000000000000000000e+00 -2.026937308968657092e-01 0.000000000000000000e+00
4.774676560237571810e-01 0.000000000000000000e+00 -3.119776259623501247e-01 0.000000000000000000e+00
3.886263675047166855e-01 0.000000000000000000e+00 -4.117764211840928557e-01 0.000000000000000000e+00
4.440272655040520267e-01 0.000000000000000000e+00 -1.476057776681424905e+00 0.000000000000000000e+00
5.314287407622925175e-01 0.000000000000000000e+00 -1.072358274224805452e+00 0.000000000000000000e+00
5.203770928740188983e-01 0.000000000000000000e+00 -6.404955974689253706e-01 0.000000000000000000e+00
5.945274439990332338e-01 0.000000000000000000e+00 7.385296967540053714e-01 0.000000000000000000e+00
4.624789172914913205e-01 0.000000000000000000e+00 -7.520697266830221883e-01 0.000000000000000000e+00
4.892286541834393043e-01 0.000000000000000000e+00 -4.430044342252861256e-01 0.000000000000000000e+00
4.935047271782035394e-01 0.000000000000000000e+00 9.267106890413110420e-01 0.000000000000000000e+00
6.393562136450979816e-01 0.000000000000000000e+00 8.177745526187849556e-01 0.000000000000000000e+00
4.894884700062376859e-01 0.000000000000000000e+00 -6.842617161190288622e-01 0.000000000000000000e+00
5.225151938774484917e-01 0.000000000000000000e+00 8.091529596935309598e-01 0.000000000000000000e+00
4.727044379445875522e-01 0.000000000000000000e+00 1.037874853219681981e+00 0.000000000000000000e+00
5.206022977852322597e-01 0.000000000000000000e+00 1.009283943481936063e+00 0.000000000000000000e+00
4.941933914448043974e-01 0.000000000000000000e+00 -8.443542776632708691e-01 0.000000000000000000e+00
4.620885652979399572e-01 0.000000000000000000e+00 -1.051810186896865673e+00 0.000000000000000000e+00
4.936938255487549609e-01 0.000000000000000000e+00 1.473321540964080079e+00 0.000000000000000000e+00
5.316501216444278199e-01 0.000000000000000000e+00 9.490408276137913823e-01 0.000000000000000000e+00
4.758259600626468244e-01 0.000000000000000000e+00 -1.083721464500592369e+00 0.000000000000000000e+00
4.229075505020862269e-01 0.000000000000000000e+00 -1.015687432574113425e+00 0.000000000000000000e+00
6.414610424197033645e-01 0.000000000000000000e+00 5.409173605477155533e-01 0.000000000000000000e+00
3.690995861731153349e-01 0.000000000000000000e+00 -1.207697096306994400e+00 0.000000000000000000e+00
4.930370372002059187e-01 0.000000000000000000e+00 -1.167042401288580278e+00 0.000000000000000000e+00
4.253716883028615947e-01 0.000000000000000000e+00 8.643703442154908601e-01 0.000000000000000000e+00
4.284763439868818358e-01 0.000000000000000000e+00 1.370913824027147232e+00 0.000000000000000000e+00
5.305471370024411604e-01 0.000000000000000000e+00 1.224001189409373858e+00 0.000000000000000000e+00
4.305421283050659409e-01 0.000000000000000000e+00 1.374185511441782470e+00 0.000000000000000000e+00
5.197912178091376179e-01 0.000000000000000000e+00 1.274135527221518238e-01 0.000000000000000000e+00
5.812057362666279703e-01 0.000000000000000000e+00 8.887758532295748637e-01 0.000000000000000000e+00
4.874701283439529242e-01 0.000000000000000000e+00 -8.953520149905370706e-01 0.000000000000000000e+00
5.317531254463685464e-01 0.000000000000000000e+00 1.412932370022614847e+00 0.000000000000000000e+00
5.671555871189200015e-01 0.000000000000000000e+00 5.561241614509295772e-01 0.000000000000000000e+00
4.938876990720529325e-01 0.000000000000000000e+00 -1.406278910676699301e-01 0.000000000000000000e+00
3.710916296240405199e-01 0.000000000000000000e+00 8.457398593638290052e-01 0.000000000000000000e+00
5.279483707742730347e-01 0.000000000000000000e+00 8.081087442453105396e-02 0.000000000000000000e+00
4.532030909043832656e-01 0.000000000000000000e+00 -8.264395878443971943e-01 0.000000000000000000e+00
4.046607501717557898e-01 0.000000000000000000e+00 -7.887564779240662238e-01 0.000000000000000000e+00
6.189105168127783108e-01 0.000000000000000000e+00 -5.854014852186785189e-01 0.000000000000000000e+00
4.300189874801779721e-01 0.000000000000000000e+00 6.362324138830217635e-01 0.000000000000000000e+00
4.709990510589790458e-01 0.000000000000000000e+00 3.718089135342808049e-01 0.000000000000000000e+00
4.582096576493185358e-01 0.000000000000000000e+00 -1.335671507657452795e+00 0.000000000000000000e+00
4.851813534068967759e-01 0.000000000000000000e+00 -5.756735391208617214e-01 0.000000000000000000e+00
4.489466329737660244e-01 0.000000000000000000e+00 1.238025514543785732e+00 0.000000000000000000e+00
4.878548831424444066e-01 0.000000000000000000e+00 -1.399359604358249687e+00 0.000000000000000000e+00
4.884904967050130997e-01 0.000000000000000000e+00 -1.004598794811740081e+00 0.000000000000000000e+00
4.764349886059475181e-01 0.000000000000000000e+00 3.000320474742805832e-01 0.000000000000000000e+00
6.384276651959421844e-01 0.000000000000000000e+00 9.012055458353662729e-02 0.000000000000000000e+00
5.989880936689826463e-01 0.000000000000000000e+00 1.076788727475745056e+00 0.000000000000000000e+00
5.476462440489480166e-01 0.000000000000000000e+00 -8.485924984371255864e-01 0.000000000000000000e+00
5.040169571639824264e-01 0.000000000000000000e+00 -5.788518681513588060e-01 0.000000000000000000e+00
6.215480513833561149e-01 0.000000000000000000e+00 7.673465925072098237e-01 0.000000000000000000e+00
4.730011895598834060e-01 0.000000000000000000e+00 7.564022269468382298e-01 0.000000000000000000e+00
5.640312808368055375e-01 0.000000000000000000e+00 1.485065320182425097e+00 0.000000000000000000e+00
5.867831081601647680e-01 0.000000000000000000e+00 -5.361907355879087511e-01 0.000000000000000000e+00
5.086885902389676195e-01 0.000000000000000000e+00 -1.017619244596033035e+00 0.000000000000000000e+00
4.440113747196947069e-01 0.000000000000000000e+00 1.264876248910750789e+00 0.000000000000000000e+00
5.118096817451119884e-01 0.000000000000000000e+00 -5.899463300550283895e-01 0.000000000000000000e+00
4.791706461916159787e-01 0.000000000000000000e+00 -9.436752131891171791e-01 0.000000000000000000e+00
3.743253196745804923e-01 0.000000000000000000e+00 -1.784682760340872143e-01 0.000000000000000000e+00
4.696349147966918935e-01 0.000000000000000000e+00 -8.327706956455055431e-01 0.000000000000000000e+00
4.492099798057568316e-01 0.000000000000000000e+00 -3.579087162510585785e-02 0.000000000000000000e+00
5.662746276087909925e-01 0.000000000000000000e+00 5.798742783699006864e-01 0.000000000000000000e+00
5.223881729268669005e-01 0.000000000000000000e+00 1.450662005498954965e+00 0.000000000000000000e+00
5.984369400765497948e-01 0.000000000000000000e+00 1.215186616201048064e+00 0.000000000000000000e+00
5.621386897908018376e-01 0.000000000000000000e+00 2.684369009720444232e-02 0.000000000000000000e+00
3.907621470685202492e-01 0.000000000000000000e+00 4.388444584851469710e-01 0.000000000000000000e+00
5.903719620646393773e-01 0.000000000000000000e+00 -1.460741802592369964e+00 0.000000000000000000e+00
5.435053134175305001e-01 0.000000000000000000e+00 -1.148041895570712123e+00 0.000000000000000000e+00
5.015449943627482421e-01 0.000000000000000000e+00 1.140413990384837817e+00 0.000000000000000000e+00
5.395278052237367783e-01 0.000000000000000000e+00 -4.408783519190762057e-01 0.000000000000000000e+00
5.658340461565197765e-01 0.000000000000000000e+00 1.057876409762785741e+00 0.000000000000000000e+00
6.295310876260322708e-01 0.000000000000000000e+00 1.367859976519045784e-01 0.000000000000000000e+00
4.293160232516164965e-01 0.000000000000000000e+00 -1.314531153397061169e+00 0.000000000000000000e+00
5.345630034313406664e-01 0.000000000000000000e+00 7.985130372922570885e-01 0.000000000000000000e+00
4.313784087077919827e-01 0.000000000000000000e+00 4.679315060930493431e-01 0.000000000000000000e+00
5.932893643312836529e-01 0.000000000000000000e+00 -1.187408117942154728e+00 0.000000000000000000e+00
4.822631318883450202e-01 0.000000000000000000e+00 1.469453040337026728e+00 0.000000000000000000e+00
5.436798529355670873e-01 0.000000000000000000e+00 -1.372939669743151736e-01 0.000000000000000000e+00
4.772442345055688540e-01 0.000000000000000000e+00 4.997049753342519551e-01 0.000000000000000000e+00
4.991912516182702153e-01 0.000000000000000000e+00 9.805927293021499125e-01 0.000000000000000000e+00
4.466274717218141621e-01 0.000000000000000000e+00 -1.388367089804608101e+00 0.000000000000000000e+00
4.637718742399129512e-01 0.000000000000000000e+00 9.576887716291082597e-01 0.000000000000000000e+00
5.549275096660334361e-01 0.000000000000000000e+00 1.378769734443657136e+00 0.000000000000000000e+00
5.062000775744409653e-01 0.000000000000000000e+00 -8.810383378306446689e-01 0.000000000000000000e+00
5.095344271118715795e-01 0.000000000000000000e+00 1.087087846616968889e+00 0.000000000000000000e+00
4.012703201613175841e-01 0.000000000000000000e+00 -6.549595334477570363e-01 0.000000000000000000e+00
5.144660737976964882e-01 0.000000000000000000e+00 -3.754787216044537246e-01 0.000000000000000000e+00
5.487869663662310327e-01 0.000000000000000000e+00 7.269275413202880287e-02 0.000000000000000000e+00
5.254816394437799021e-01 0.000000000000000000e+00 -1.027007748222330541e+00 0.000000000000000000e+00
4.790894704399552562e-01 0.000000000000000000e+00 3.644144191546427880e-01 0.000000000000000000e+00
5.234783998388523596e-01 0.000000000000000000e+00 1.459969159669118888e-01 0.000000000000000000e+00
4.827118668147831748e-01 0.000000000000000000e+00 6.323121294326989883e-01 0.000000000000000000e+00
4.650662852671768044e-01 0.000000000000000000e+00 1.353824223355755585e+00 0.000000000000000000e+00
4.497916012996698853e-01 0.000000000000000000e+00 -5.942515745092301627e-01 0.000000000000000000e+00
6.309469540587376857e-01 0.000000000000000000e+00 1.672124375033794408e-01 0.000000000000000000e+00
3.766302019875661378e-01 0.000000000000000000e+00 6.792976797069796291e-01 0.000000000000000000e+00
5.522970595741352184e-01 0.000000000000000000e+00 -6.978231105134340417e-01 0.000000000000000000e+00
5.820186861313033644e-01 0.000000000000000000e+00 -8.958000055838486464e-01 0.000000000000000000e+00
4.858383740604111933e-01 0.000000000000000000e+00 1.189625916151466622e+00 0.000000000000000000e+00
5.436959030189708608e-01 0.000000000000000000e+00 1.380681422650180235e+00 0.000000000000000000e+00
5.198206598407799639e-01 0.000000000000000000e+00 -1.119278128308385467e+00 0.000000000000000000e+00
4.885145200294043200e-01 0.000000000000000000e+00 -7.207393570741948974e-01 0.000000000000000000e+00
4.958372652709089334e-01 0.000000000000000000e+00 6.087616850662267431e-01 0.000000000000000000e+00
4.665527351044537197e-01 0.000000000000000000e+00 -1.389119600198688076e+00 0.000000000000000000e+00
3.768708955717229858e-01 0.000000000000000000e+00 -3.090917340329752960e-01 0.000000000000000000e+00
5.972679662167775794e-01 0.000000000000000000e+00 -1.346019207029345299e+00 0.000000000000000000e+00
5.809030818557222586e-01 0.000000000000000000e+00 -3.156424848516965476e-01 0.000000000000000000e+00
4.023230474345315111e-01 0.000000000000000000e+00 -1.667419476763383202e-01 0.000000000000000000e+00
4.439960785602264370e-01 0.000000000000000000e+00 -1.498470451007382076e+00 0.000000000000000000e+00
4.755827542432214949e-01 0.000000000000000000e+00 -1.046205007926142017e+00 0.000000000000000000e+00
5.952505759599011625e-01 0.000000000000000000e+00 1.399294374563428089e+00 0.000000000000000000e+00
5.204151630889998215e-01 0.000000000000000000e+00 1.434991411579863652e+00 0.000000000000000000e+00
4.696551661697606628e-01 0.000000000000000000e+00 -7.196941794173065121e-01 0.000000000000000000e+00
5.562359250920401177e-01 0.000000000000000000e+00 -1.445859701100010497e+00 0.000000000000000000e+00
4.831196411088788389e-01 0.000000000000000000e+00 -1.405622933171279954e-01 0.000000000000000000e+00
5.147326132364913320e-01 0.000000000000000000e+00 -2.901014896646811891e-01 0.000000000000000000e+00
4.897674882435129051e-01 0.000000000000000000e+00 1.110392339156073938e+00 0.000000000000000000e+00
4.906236730570575078e-01 0.000000000000000000e+00 -1.295419771241990592e+00 0.000000000000000000e+00
4.491496671666653784e-01 0.000000000000000000e+00 -5.513961996561023149e-02 0.000000000000000000e+00
4.497454107009023483e-01 0.000000000000000000e+00 -1.284410889983017778e+00 0.000000000000000000e+00
3.512583971751922496e-01 0.000000000000000000e+00 1.963296497258169016e-01 0.000000000000000000e+00
5.434081173776988960e-01 0.000000000000000000e+00 -2.747735800369306425e-01 0.000000000000000000e+00
5.269141400565465760e-01 0.000000000000000000e+00 -1.694082666289506989e-01 0.000000000000000000e+00
5.443082021103253787e-01 0.000000000000000000e+00 -1.064332686490946589e+00 0.000000000000000000e+00
4.089161345459370045e-01 0.000000000000000000e+00 -9.293951249911905910e-01 0.000000000000000000e+00
6.396545328420043530e-01 0.000000000000000000e+00 1.461760239872925471e+00 0.000000000000000000e+00
5.346341067043227646e-01 0.000000000000000000e+00 -5.716253855096331549e-02 0.000000000000000000e+00
5.038696246607614615e-01 0.000000000000000000e+00 -1.268887856490715560e+00 0.000000000000000000e+00
5.196517359200434338e-01 0.000000000000000000e+00 -1.405453732011332946e+00 0.000000000000000000e+00
5.734423179212420063e-01 0.000000000000000000e+00 2.216315095663556889e-01 0.000000000000000000e+00
4.779496483485652369e-01 0.000000000000000000e+00 -3.946871877919213567e-01 0.000000000000000000e+00
3.846241979263734789e-01 0.000000000000000000e+00 -3.133022365013959920e-01 0.000000000000000000e+00
4.494606215432386254e-01 0.000000000000000000e+00 1.205314343228520713e+00 0.000000000000000000e+00
6.295942501941567127e-01 0.000000000000000000e+00 9.478760650335398275e-01 0.000000000000000000e+00
4.833286114148230839e-01 0.000000000000000000e+00 -8.319132660960762982e-01 0.000000000000000000e+00
5.256138817477716829e-01 0.000000000000000000e+00 8.550469615493807574e-01 0.000000000000000000e+00
1.869242980990545311e-01 5.000000000000000000e-01 3.782707228562525725e-01 0.000000000000000000e+00
3.428558757518986311e-01 5.000000000000000000e-01 -6.049819716884481391e-01 0.000000000000000000e+00
5.469450877648857068e-01 5.000000000000000000e-01 1.110964307640052162e+00 0.000000000000000000e+00
3.688900587594098890e-01 5.000000000000000000e-01 8.097581433496261472e-01 0.000000000000000000e+00
4.655095596825153947e-01 5.000000000000000000e-01 -1.147716251843638791e+00 0.000000000000000000e+00
6.446590680470429824e-01 5.000000000000000000e-01 -1.055428296703715851e+00 0.000000000000000000e+00
9.649340711881753130e-01 5.000000000000000000e-01 -4.184392757649105787e-01 0.000000000000000000e+00
1.446057882581548160e-01 5.000000000000000000e-01 7.412537432876196153e-01 0.000000000000000000e+00
5.012743858699004740e-01 5.000000000000000000e-01 -1.816948354298328905e-01 0.000000000000000000e+00
4.736797940171533772e-01 5.000000000000000000e-01 -3.004416301655045141e-01 0.000000000000000000e+00
6.177253074958878321e-01 5.000000000000000000e-01 5.855557969139424390e-01 0.000000000000000000e+00
1.707496358761348421e-01 5.000000000000000000e-01 -1.313231050703928204e+00 0.000000000000000000e+00
2.019928205520308828e-01 5.000000000000000000e-01 -3.631823125807899788e-01 0.000000000000000000e+00
2.996364559794004734e-01 5.000000000000000000e-01 -1.171280221779356534e+00 0.000000000000000000e+00
6.613807858781354243e-01 5.000000000000000000e-01 -5.344565788482429081e-02 0.000000000000000000e+00
2.888232884988742311e-01 5.000000000000000000e-01 -6.793111002484849559e-01 0.000000000000000000e+00
5.549230687161367248e-01 5.000000000000000000e-01 6.212738122269423346e-01 0.000000000000000000e+00
8.800560516560569368e-01 5.000000000000000000e-01 -1.326913152273602847e+00 0.000000000000000000e+00
2.837299031640153624e-01 5.000000000000000000e-01 8.998087245569421633e-01 0.000000000000000000e+00
8.060478301458479100e-01 5.000000000000000000e-01 1.844208439923635257e-01 0.000000000000000000e+00
3.708373277501456067e-01 5.000000000000000000e-01 -1.658768475178099000e-01 0.000000000000000000e+00
5.116978415434826344e-01 5.000000000000000000e-01 -1.070572433885833119e+00 0.000000000000000000e+00
5.296022671153790551e-01 5.000000000000000000e-01 -1.312956387468083297e-01 0.000000000000000000e+00
8.810246497271393418e-01 5.000000000000000000e-01 5.448310178247968150e-01 0.000000000000000000e+00
6.967115363851348331e-01 5.000000000000000000e-01 6.165908256267219612e-01 0.000000000000000000e+00
8.657613605666962808e-01 5.000000000000000000e-01 -3.235904513098257218e-01 0.000000000000000000e+00
8.868029175799361230e-01 5.000000000000000000e-01 -9.138862372499720332e-02 0.000000000000000000e+00
5.617682810655822978e-01 5.000000000000000000e-01 6.942407252819675356e-02 0.000000000000000000e+00
4.570828001746866653e-01 5.000000000000000000e-01 -1.191183735760356077e+00 0.000000000000000000e+00
6.136019133942200998e-01 5.000000000000000000e-01 -7.433280000993900405e-01 0.000000000000000000e+00
7.565322265261178458e-01 5.000000000000000000e-01 1.726366392873167691e-02 0.000000000000000000e+00
5.956866824594189147e-01 5.000000000000000000e-01 -7.704122084460587327e-01 0.000000000000000000e+00
4.180324344957334626e-01 5.000000000000000000e-01 3.732780362811469188e-01 0.000000000000000000e+00
3.481549671031500814e-01 5.000000000000000000e-01 3.149252979652884532e-01 0.000000000000000000e+00
2.583570753046992019e-01 5.000000000000000000e-01 3.628883502235251135e-01 0.000000000000000000e+00
4.282750593603928957e-01 5.000000000000000000e-01 5.896706834261791208e-01 0.000000000000000000e+00
6.539675965152640380e-01 5.000000000000000000e-01 -1.235405953940352353e+00 0.000000000000000000e+00
6.455178808388550848e-01 5.000000000000000000e-01 7.088483687676806477e-01 0.000000000000000000e+00
7.046156451235678908e-01 5.000000000000000000e-01 -2.270280301861043737e-01 0.000000000000000000e+00
5.990639635321726164e-01 5.000000000000000000e-01 6.349158296618154784e-01 0.000000000000000000e+00
4.080028761156688222e-01 5.000000000000000000e-01 -6.650337735093126978e-01 0.000000000000000000e+00
4.357582290608366105e-01 5.000000000000000000e-01 8.504285033429637153e-01 0.000000000000000000e+00
3.357721018318199913e-01 5.000000000000000000e-01 -3.384663851761786635e-01 0.000000000000000000e+00
8.920046189749037957e-01 5.000000000000000000e-01 -6.285364588276901587e-01 0.000000000000000000e+00
4.472636511265530301e-01 5.000000000000000000e-01 1.036728558880833373e-01 0.000000000000000000e+00
7.186822785467964492e-01 5.000000000000000000e-01 1.105802690913046060e+00 0.000000000000000000e+00
7.842381515274511328e-01 5.000000000000000000e-01 -3.648434436015948190e-01 0.000000000000000000e+00
1.995372724711040047e-01 5.000000000000000000e-01 2.257508752782914907e-01 0.000000000000000000e+00
8.147720431963016985e-01 5.000000000000000000e-01 -1.132464477517920454e+00 0.000000000000000000e+00
4.077542067148494098e-01 5.000000000000000000e-01 1.221457780464423548e+00 0.000000000000000000e+00
5.703972652316048331e-01 5.000000000000000000e-01 3.997695396873031659e-01 0.000000000000000000e+00
4.995493384263104408e-01 5.000000000000000000e-01 -1.115881689936191190e+00 0.000000000000000000e+00
7.219625859910637766e-01 5.000000000000000000e-01 1.211158085833989873e+00 0.000000000000000000e+00
9.032660264785804527e-01 5.000000000000000000e-01 -8.199634101412888176e-01 0.000000000000000000e+00
6.592737391605261177e-01 5.000000000000000000e-01 -7.657304762368166706e-01 0.000000000000000000e+00
5.052932421976236155e-01 5.000000000000000000e-01 -1.149649297328105835e+00 0.000000000000000000e+00
9.254639053062119203e-02 5.000000000000000000e-01 -7.243970755181522447e-01 0.000000000000000000e+00
7.276624356220502410e-01 5.000000000000000000e-01 3.211359799880690313e-01 0.000000000000000000e+00
8.924746124148209558e-01 5.000000000000000000e-01 -4.303809965408700866e-01 0.000000000000000000e+00
3.578078124832473339e-01 5.000000000000000000e-01 -5.761372886645271807e-01 0.000000000000000000e+00
9.058977430072523429e-01 5.000000000000000000e-01 -9.882722806563879470e-01 0.000000000000000000e+00
2.033861192461906553e-01 5.000000000000000000e-01 -3.834897716729673278e-01 0.000000000000000000e+00
4.783221991500681558e-02 5.000000000000000000e-01 3.668901779104796201e-01 0.000000000000000000e+00
3.640840025351568254e-01 5.000000000000000000e-01 1.198461572221869442e+00 0.000000000000000000e+00
3.641158602832306745e-01 5.000000000000000000e-01 -7.495927456698897595e-01 0.000000000000000000e+00
4.705962861931200503e-01 5.000000000000000000e-01 -1.235704760452386974e+00 0.000000000000000000e+00
8.107532407345483527e-01 5.000000000000000000e-01 -6.626587710963132150e-01 0.000000000000000000e+00
9.981027507488600126e-01 5.000000000000000000e-01 2.868171463720913250e-01 0.000000000000000000e+00
9.724212769799449596e-01 5.000000000000000000e-01 6.986773061501375670e-01 0.000000000000000000e+00
3.168780091293186829e-01 5.000000000000000000e-01 -1.818164384949814416e-01 0.000000000000000000e+00
7.759671046957034024e-02 5.000000000000000000e-01 -3.940164944861274665e-01 0.000000000000000000e+00
1.136887352003380369e-01 5.000000000000000000e-01 -1.013269820855551506e+00 0.000000000000000000e+00
1.134311693965631834e-01 5.000000000000000000e-01 1.062546862683702686e+00 0.000000000000000000e+00
9.288955246318880699e-01 5.000000000000000000e-01 -4.084007100562194736e-01 0.000000000000000000e+00
1.726313697386286650e-01 5.000000000000000000e-01 2.086465203182062411e-01 0.000000000000000000e+00
6.633878100338024275e-01 5.000000000000000000e-01 -1.304701248880030029e+00 0.000000000000000000e+00
6.463095675098622372e-01 5.000000000000000000e-01 -7.893305231384755150e-01 0.000000000000000000e+00
3.008271222096451369e-01 5.000000000000000000e-01 -1.216745806713861233e+00 0.000000000000000000e+00
4.701106773079864465e-01 5.000000000000000000e-01 3.530667255195844012e-01 0.000000000000000000e+00
6.222406224356441529e-01 5.000000000000000000e-01 1.206324407008785737e+00 0.000000000000000000e+00
5.790227164875971777e-01 5.000000000000000000e-01 -9.458245474660706975e-01 0.000000000000000000e+00
4.948928458732268498e-01 5.000000000000000000e-01 -9.983601931037118238e-01 0.000000000000000000e+00
3.845905801708277005e-01 5.000000000000000000e-01 1.297902457716340274e+00 0.000000000000000000e+00
2.469032249202742779e-01 5.000000000000000000e-01 -3.517015166530796377e-01 0.000000000000000000e+00
6.831545009888821962e-01 5.000000000000000000e-01 -1.141149747070993259e+00 0.000000000000000000e+00
6.275608881094458802e-01 5.000000000000000000e-01 1.146655593355948799e+00 0.000000000000000000e+00
5.241722323418608331e-01 5.000000000000000000e-01 6.472654498653720445e-01 0.000000000000000000e+00
4.073337987075367761e-01 5.000000000000000000e-01 4.422099412051017642e-01 0.000000000000000000e+00
7.753365023761069619e-01 5.000000000000000000e-01 -1.286454862690871837e+00 0.000000000000000000e+00
1.977923345416849332e-01 5.000000000000000000e-01 1.214571452554250142e+00 0.000000000000000000e+00
5.680404213033053429e-01 5.000000000000000000e-01 -4.979164952391207377e-01 0.000000000000000000e+00
2.753726982240231047e-01 5.000000000000000000e-01 1.190794691197102073e-01 0.000000000000000000e+00
6.254282142318904336e-01 5.000000000000000000e-01 -4.665916173852948656e-01 0.000000000000000000e+00
5.644640527868498570e-01 5.000000000000000000e-01 7.281111746959363362e-01 0.000000000000000000e+00
6.528345680095911652e-01 5.000000000000000000e-01 1.004841226496894002e+00 0.000000000000000000e+00
5.828012032495152317e-01 5.000000000000000000e-01 9.683689709408833668e-01 0.000000000000000000e+00
4.485568953264589265e-01 5.000000000000000000e-01 4.556680710778175381e-01 0.000000000000000000e+00
2.930167134158931930e-01 5.000000000000000000e-01 -3.458382345840048111e-01 0.000000000000000000e+00
4.657837620471818041e-01 5.000000000000000000e-01 -3.964544877323462613e-01 0.000000000000000000e+00
2.320131341276968906e-01 5.000000000000000000e-01 1.138621056347188132e+00 0.000000000000000000e+00
5.206996881350214323e-01 5.000000000000000000e-01 8.998530403042566128e-01 0.000000000000000000e+00
5.951806198346281107e-01 5.000000000000000000e-01 -3.247005479452148152e-02 0.000000000000000000e+00
3.854287454605274665e-01 5.000000000000000000e-01 -1.056033076521614378e+00 0.000000000000000000e+00
6.067956171981792046e-02 5.000000000000000000e-01 -1.230045593917456603e+00 0.000000000000000000e+00
6.406588479883982279e-01 5.000000000000000000e-01 9.386733147925456766e-01 0.000000000000000000e+00
3.956109101840142861e-01 5.000000000000000000e-01 1.229029575397287688e-01 0.000000000000000000e+00
6.485279316140238337e-02 5.000000000000000000e-01 -8.757359852204295025e-01 0.000000000000000000e+00
7.809111043767918980e-01 5.000000000000000000e-01 -9.450951220014668364e-01 0.000000000000000000e+00
3.970984923656143972e-01 5.000000000000000000e-01 -5.238170873412444362e-01 0.000000000000000000e+00
2.317062667281657162e-01 5.000000000000000000e-01 -9.108833541120285870e-01 0.000000000000000000e+00
7.363343717514133635e-01 5.000000000000000000e-01 4.228772355066888755e-01 0.000000000000000000e+00
8.954824590467831413e-01 5.000000000000000000e-01 1.149302128429526615e+00 0.000000000000000000e+00
8.347521807222558765e-01 5.000000000000000000e-01 5.866650027094547637e-01 0.000000000000000000e+00
5.967245180831248774e-01 5.000000000000000000e-01 -9.411447305814489850e-01 0.000000000000000000e+00
2.745250839431158663e-01 5.000000000000000000e-01 -1.215594458801721345e+00 0.000000000000000000e+00
8.587893367387685606e-01 5.000000000000000000e-01 -2.880243722995026179e-01 0.000000000000000000e+00
5.645935963468677876e-01 5.000000000000000000e-01 1.302019917792646142e-01 0.000000000000000000e+00
5.908815718638916747e-01 5.000000000000000000e-01 -7.444065037059973688e-01 0.000000000000000000e+00
3.462375038400535288e-01 5.000000000000000000e-01 9.913609345479822144e-02 0.000000000000000000e+00
8.357829611289059324e-01 5.000000000000000000e-01 8.964232981902369168e-01 0.000000000000000000e+00
8.152647952587418478e-01 5.000000000000000000e-01 1.299169941605543555e+00 0.000000000000000000e+00
9.093260656653809892e-01 5.000000000000000000e-01 -1.288654516489708524e+00 0.000000000000000000e+00
8.174711572097974610e-01 5.000000000000000000e-01 4.053935461461679601e-01 0.000000000000000000e+00
3.627440176629014856e-01 5.000000000000000000e-01 4.974849898103134715e-01 0.000000000000000000e+00
5.232134316612488956e-01 5.000000000000000000e-01 -7.715914650043211864e-01 0.000000000000000000e+00
7.061823274383169924e-01 5.000000000000000000e-01 1.141203489798963799e+00 0.000000000000000000e+00
1.263083488446801184e-01 5.000000000000000000e-01 -8.263725480469540363e-01 0.000000000000000000e+00
1.459991088735998199e-01 5.000000000000000000e-01 4.792660423256699942e-01 0.000000000000000000e+00
4.656338669845865863e-01 5.000000000000000000e-01 1.558733326395475571e-01 0.000000000000000000e+00
3.473969754636600515e-01 5.000000000000000000e-01 -8.790256976069245054e-01 0.000000000000000000e+00
7.540784463680600958e-01 5.000000000000000000e-01 5.472002028144808961e-01 0.000000000000000000e+00
3.932307273030458683e-01 5.000000000000000000e-01 -1.219259352226304216e+00 0.000000000000000000e+00
5.775986892129989503e-01 5.000000000000000000e-01 6.897527321099660158e-01 0.000000000000000000e+00
1.645645481371043606e-01 5.000000000000000000e-01 -1.298625438975424595e+00 0.000000000000000000e+00
8.125375376782749404e-02 5.000000000000000000e-01 -5.433623361043811162e-01 0.000000000000000000e+00
6.814144608754103549e-01 5.000000000000000000e-01 -2.435544733388179117e-01 0.000000000000000000e+00
3.467124494917611099e-01 5.000000000000000000e-01 8.632033929561553354e-01 0.000000000000000000e+00
1.098789558449651121e-01 5.000000000000000000e-01 1.172474484386300420e+00 0.000000000000000000e+00
8.116546355746150354e-01 5.000000000000000000e-01 -6.173929703318298268e-01 0.000000000000000000e+00
5.639102522140198026e-01 5.000000000000000000e-01 -1.114648111426697730e+00 0.000000000000000000e+00
4.630656282986131411e-01 5.000000000000000000e-01 -4.252041202474838300e-01 0.000000000000000000e+00
2.955714438401609856e-01 5.000000000000000000e-01 -1.041996996267986031e+00 0.000000000000000000e+00
4.445636693661766392e-01 5.000000000000000000e-01 -9.361387675597004909e-01 0.000000000000000000e+00
6.553859141452447190e-01 5.000000000000000000e-01 -3.951418150161872256e-01 0.000000000000000000e+00
5.464348397934476464e-02 5.000000000000000000e-01 9.948050598024512636e-01 0.000000000000000000e+00
6.693247968481125243e-01 5.000000000000000000e-01 -9.476625293198366329e-01 0.000000000000000000e+00
9.585024699758386557e-01 5.000000000000000000e-01 6.242131395396508520e-01 0.000000000000000000e+00
2.917805252379268022e-01 5.000000000000000000e-01 -8.335685832769270664e-01 0.000000000000000000e+00
2.310093963673877093e-01 5.000000000000000000e-01 -1.284560507860736056e+00 0.000000000000000000e+00
1.158667709670258283e-01 5.000000000000000000e-01 1.340241624660902242e-01 0.000000000000000000e+00
3.980054199940223914e-01 5.000000000000000000e-01 -9.506992256834327915e-01 0.000000000000000000e+00
6.811479473545464236e-01 5.000000000000000000e-01 -7.537426073432342832e-01 0.000000000000000000e+00
9.401233005826004074e-01 5.000000000000000000e-01 -2.012415530944239306e-01 0.000000000000000000e+00
4.583477038626566080e-01 5.000000000000000000e-01 1.165726869678209043e+00 0.000000000000000000e+00
8.990710675398112528e-01 5.000000000000000000e-01 3.827454721622562950e-01 0.000000000000000000e+00
6.201242783112018708e-01 5.000000000000000000e-01 -7.412909647473355790e-01 0.000000000000000000e+00
4.238821055742002519e-01 5.000000000000000000e-01 -6.713016505136044643e-01 0.000000000000000000e+00
4.817639282647254162e-01 5.000000000000000000e-01 1.164741000700845408e+00 0.000000000000000000e+00
7.526310848292691036e-01 5.000000000000000000e-01 1.070614348111955244e-01 0.000000000000000000e+00
2.384839742712538957e-01 5.000000000000000000e-01 2.793756824535140737e-01 0.000000000000000000e+00
6.817707498110744391e-01 5.000000000000000000e-01 -5.052547878455176944e-01 0.000000000000000000e+00
7.885063526526457922e-01 5.000000000000000000e-01 -1.908320823927799892e-01 0.000000000000000000e+00
7.877528852305225593e-01 5.000000000000000000e-01 9.468495499293722029e-01 0.000000000000000000e+00
7.433565250950305847e-01 5.000000000000000000e-01 6.083131411644382425e-01 0.000000000000000000e+00
1.194491773516073857e-01 5.000000000000000000e-01 9.222108365539531949e-01 0.000000000000000000e+00
2.730761712848492340e-01 5.000000000000000000e-01 7.387829206284345362e-01 0.000000000000000000e+00
9.644339847205528615e-01 5.000000000000000000e-01 -1.134064148672230488e+00 0.000000000000000000e+00
2.580991874127369634e-01 5.000000000000000000e-01 9.696389219195143960e-01 0.000000000000000000e+00
6.677331136512045795e-01 5.000000000000000000e-01 -1.031321604281168813e+00 0.000000000000000000e+00
4.449973007807809799e-01 5.000000000000000000e-01 -9.862881900565529936e-01 0.000000000000000000e+00
4.296448137586552640e-01 5.000000000000000000e-01 8.107994927677963926e-01 0.000000000000000000e+00
1.496749928511943439e-01 5.000000000000000000e-01 6.699729976914227114e-01 0.000000000000000000e+00
3.597189811116986990e-01 5.000000000000000000e-01 -5.039882946023563903e-01 0.000000000000000000e+00
6.413697021374918927e-01 5.000000000000000000e-01 -8.654784937217385732e-01 0.000000000000000000e+00
6.238575152805261315e-01 5.000000000000000000e-01 -9.202866477285660540e-01 0.000000000000000000e+00
3.689124446889701092e-01 5.000000000000000000e-01 1.111385963475829824e-01 0.000000000000000000e+00
2.847020890883505961e-01 5.000000000000000000e-01 4.750653766273168488e-01 0.000000000000000000e+00
1.946716295244720896e-01 5.000000000000000000e-01 -8.329550034746494580e-01 0.000000000000000000e+00
4.533021443445228171e-01 5.000000000000000000e-01 7.580048697187380391e-02 0.000000000000000000e+00
5.831391074714655787e-01 5.000000000000000000e-01 -7.556921136459413546e-01 0.000000000000000000e+00
1.243302658332851862e-01 5.000000000000000000e-01 8.788690962078972158e-01 0.000000000000000000e+00
3.994380500788741739e-01 5.000000000000000000e-01 -4.906179658338015170e-01 0.000000000000000000e+00
4.448665231248516982e-01 5.000000000000000000e-01 9.915577287053897182e-01 0.000000000000000000e+00
2.010594988481737844e-01 5.000000000000000000e-01 2.103507639486385528e-01 0.000000000000000000e+00
2.974311072624126751e-01 5.000000000000000000e-01 1.315871179182966033e+00 0.000000000000000000e+00
5.776892358077706513e-01 5.000000000000000000e-01 3.832827664028237158e-01 0.000000000000000000e+00
4.675990765164313445e-01 5.000000000000000000e-01 7.443797585576941156e-01 0.000000000000000000e+00
5.943126696552396560e-01 5.000000000000000000e-01 3.732277879251255093e-01 0.000000000000000000e+00
2.300565700119946433e-01 5.000000000000000000e-01 -1.192092287649459126e-01 0.000000000000000000e+00
9.479754321674602746e-01 5.000000000000000000e-01 9.764897500804151642e-01 0.000000000000000000e+00
2.457677636663944398e-01 5.000000000000000000e-01 -2.224156667604010318e-01 0.000000000000000000e+00
4.145480802147691324e-01 5.000000000000000000e-01 -6.489787247221955324e-01 0.000000000000000000e+00
7.338781466523119912e-01 5.000000000000000000e-01 -3.034265168458658568e-01 0.000000000000000000e+00
7.396242664562949765e-01 5.000000000000000000e-01 -6.191162736909596731e-01 0.000000000000000000e+00
9.557324438348599460e-02 5.000000000000000000e-01 2.389466531058839771e-01 0.000000000000000000e+00
8.818503116065030678e-01 5.000000000000000000e-01 -3.167427356831064578e-01 0.000000000000000000e+00
3.687648552223627418e-01 5.000000000000000000e-01 -9.350329917656978740e-01 0.000000000000000000e+00
5.806671247077023201e-01 5.000000000000000000e-01 -7.845651682211652878e-01 0.000000000000000000e+00
5.839081377943791118e-01 5.000000000000000000e-01 -4.286470357580384749e-01 0.000000000000000000e+00
6.701073014372452286e-02 5.000000000000000000e-01 4.141864188502197841e-01 0.000000000000000000e+00
6.223903438938274135e-01 5.000000000000000000e-01 1.906789986348931265e-01 0.000000000000000000e+00
5.642942272599973386e-01 5.000000000000000000e-01 5.969710245042976204e-01 0.000000000000000000e+00
7.267955847368018363e-01 5.000000000000000000e-01 -5.705419140534242484e-01 0.000000000000000000e+00
3.332166746438864346e-01 5.000000000000000000e-01 4.913801025820013213e-01 0.000000000000000000e+00
7.318475958113166424e-01 5.000000000000000000e-01 1.182912247281248108e-02 0.000000000000000000e+00
2.948449235418618142e-01 5.000000000000000000e-01 9.508081764911808786e-01 0.000000000000000000e+00
1.679221521947532048e-01 5.000000000000000000e-01 -1.290616068686566420e+00 0.000000000000000000e+00
6.286059456732139283e-01 5.000000000000000000e-01 8.656002739251057454e-01 0.000000000000000000e+00
9.212739564455908470e-01 5.000000000000000000e-01 8.585988244506315148e-01 0.000000000000000000e+00
3.761865492937849220e-01 5.000000000000000000e-01 7.080462079786804530e-01 0.000000000000000000e+00
2.795573010655114654e-01 5.000000000000000000e-01 8.027716100688545020e-03 0.000000000000000000e+00
6.840592485067904516e-01 5.000000000000000000e-01 -1.672386083111708777e-01 0.000000000000000000e+00
9.713062652323104507e-01 5.000000000000000000e-01 -1.147062468973067961e+00 0.000000000000000000e+00
7.106269057193164151e-01 5.000000000000000000e-01 -6.839668962391506346e-01 0.000000000000000000e+00
7.195496779542558397e-01 5.000000000000000000e-01 6.799181664315701035e-01 0.000000000000000000e+00
2.099612538384112437e-01 5.000000000000000000e-01 -6.767848026746723367e-01 0.000000000000000000e+00
6.387580945056549053e-01 5.000000000000000000e-01 1.063354649198911206e+00 0.000000000000000000e+00
2.528810297802640550e-01 5.000000000000000000e-01 -5.147211178381896346e-01 0.000000000000000000e+00
3.894847268890873071e-01 5.000000000000000000e-01 7.455810262999663651e-01 0.000000000000000000e+00
3.425610673616965585e-01 5.000000000000000000e-01 6.291930055696246527e-01 0.000000000000000000e+00
7.398561222755124511e-01 5.000000000000000000e-01 -4.069357583681530999e-01 0.000000000000000000e+00
3.393968909267831568e-01 5.000000000000000000e-01 -1.392550952800138964e+00 0.000000000000000000e+00
4.677926087114693265e-01 5.000000000000000000e-01 1.140631411207688295e+00 0.000000000000000000e+00
3.264733846548268370e-01 5.000000000000000000e-01 -1.376555438742985693e+00 0.000000000000000000e+00
7.639133494262217994e-01 5.000000000000000000e-01 -9.112501890020365813e-01 0.000000000000000000e+00
2.587788832970350783e-01 5.000000000000000000e-01 -2.008696201468422038e-01 0.000000000000000000e+00
4.158111677054378563e-01 5.000000000000000000e-01 -2.009041418224812303e-01 0.000000000000000000e+00
7.443464363142618945e-01 5.000000000000000000e-01 1.082816863789945572e+00 0.000000000000000000e+00
6.877737028045358691e-01 5.000000000000000000e-01 -7.769541039379681546e-01 0.000000000000000000e+00
6.722103470944995607e-01 5.000000000000000000e-01 -1.266421279912526066e+00 0.000000000000000000e+00
3.584393075571238874e-01 5.000000000000000000e-01 -8.844679156124100050e-01 0.000000000000000000e+00
2.642496613029655661e-01 5.000000000000000000e-01 1.077964442311705850e+00 0.000000000000000000e+00
2.755039816173678324e-01 5.000000000000000000e-01 -9.303968183302752104e-01 0.000000000000000000e+00
4.814179642179502450e-01 5.000000000000000000e-01 4.303824964751954557e-02 0.000000000000000000e+00
1.101172464913142829e-01 5.000000000000000000e-01 -1.145071933930546848e+00 0.000000000000000000e+00
6.952397199341446843e-01 5.000000000000000000e-01 1.173338854360161110e-01 0.000000000000000000e+00
6.876560729418280671e-01 5.000000000000000000e-01 8.324024413087108831e-01 0.000000000000000000e+00
8.660403329638692860e-01 5.000000000000000000e-01 3.197799044794298329e-01 0.000000000000000000e+00
7.569451259512253172e-01 5.000000000000000000e-01 8.710617568095522373e-03 0.000000000000000000e+00
1.471970968394589185e-01 5.000000000000000000e-01 -9.167836141260574667e-01 0.000000000000000000e+00
2.055726187574128394e-01 5.000000000000000000e-01 -1.063926529244833663e+00 0.000000000000000000e+00
3.632857471325278698e-01 5.000000000000000000e-01 -6.867244071217752932e-01 0.000000000000000000e+00
5.196568072812347561e-01 5.000000000000000000e-01 -7.583205334279172760e-01 0.000000000000000000e+00
5.022893306272518954e-01 5.000000000000000000e-01 -1.078192842064183532e+00 0.000000000000000000e+00
4.576571307532888988e-01 5.000000000000000000e-01 8.235032985501978819e-01 0.000000000000000000e+00
6.476505800695817605e-01 5.000000000000000000e-01 -1.134006949086495464e+00 0.000000000000000000e+00
2.783465511972532669e-01 5.000000000000000000e-01 -1.033528613845437150e+00 0.000000000000000000e+00
3.945672125374702355e-01 5.000000000000000000e-01 3.982004176259168471e-01 0.000000000000000000e+00
5.498958799792710295e-01 5.000000000000000000e-01 -9.493888506998723331e-01 0.000000000000000000e+00
2.906878979346328440e-01 5.000000000000000000e-01 6.974248218141544386e-01 0.000000000000000000e+00
7.047774803515067799e-01 5.000000000000000000e-01 -1.042173518458311410e-02 0.000000000000000000e+00
2.303684179504757734e-01 5.000000000000000000e-01 9.291511275592942987e-01 0.000000000000000000e+00
1.012875906233026979e-01 5.000000000000000000e-01 5.618128763113301449e-01 0.000000000000000000e+00
3.689543428721663298e-01 5.000000000000000000e-01 -1.509853389697423665e-01 0.000000000000000000e+00
3.159384681618340740e-02 5.000000000000000000e-01 -7.273504776359926982e-01 0.000000000000000000e+00
6.661108176151024907e-01 5.000000000000000000e-01 2.118233265657339659e-01 0.000000000000000000e+00
4.037176130834378984e-01 5.000000000000000000e-01 -7.745971430688414205e-01 0.000000000000000000e+00
4.306355267052859870e-01 5.000000000000000000e-01 8.636451050438000987e-01 0.000000000000000000e+00
3.263525891026475834e-01 5.000000000000000000e-01 2.956010345786446170e-01 0.000000000000000000e+00
8.784721503537423759e-01 5.000000000000000000e-01 8.174350510685781668e-01 0.000000000000000000e+00
1.908290140499836196e-01 5.000000000000000000e-01 4.720548140322268216e-01 0.000000000000000000e+00
2.508436822358942053e-01 5.000000000000000000e-01 -5.598202802782119569e-01 0.000000000000000000e+00
6.443480408837426454e-01 5.000000000000000000e-01 8.277480495828717366e-01 0.000000000000000000e+00
3.234230783216153482e-02 5.000000000000000000e-01 1.019180456898364229e-01 0.000000000000000000e+00
1.116162289300454274e-01 5.000000000000000000e-01 -9.116726041152846127e-01 0.000000000000000000e+00
4.308042672666732020e-01 5.000000000000000000e-01 -6.810739553192950435e-01 0.000000000000000000e+00
6.727842396663520352e-01 5.000000000000000000e-01 7.753327647199922401e-01 0.000000000000000000e+00
5.865713643456635928e-01 5.000000000000000000e-01 1.178003603993545978e+00 0.000000000000000000e+00
8.494639042836017451e-01 5.000000000000000000e-01 -7.692495105194047111e-01 0.000000000000000000e+00
4.646827513665651166e-01 5.000000000000000000e-01 8.264451290886491996e-01 0.000000000000000000e+00
9.261582315980226854e-01 5.000000000000000000e-01 1.179659556687495003e+00 0.000000000000000000e+00
7.034850143403351685e-01 5.000000000000000000e-01 -1.180981199010361360e-01 0.000000000000000000e+00
1.273093412920266454e-01 5.000000000000000000e-01 -2.453860178028208217e-01 0.000000000000000000e+00
4.640754196137453214e-01 5.000000000000000000e-01 -1.162633376105570160e-01 0.000000000000000000e+00
3.500993674975045322e-01 5.000000000000000000e-01 9.882003176535437694e-01 0.000000000000000000e+00
7.136010926532213583e-01 5.000000000000000000e-01 1.124319872467021808e+00 0.000000000000000000e+00
5.186844692429384285e-01 5.000000000000000000e-01 -1.199078450428350484e+00 0.000000000000000000e+00
6.939219414067225866e-01 5.000000000000000000e-01 1.265329728701999334e+00 0.000000000000000000e+00
2.663574068185986521e-01 5.000000000000000000e-01 -8.411419743094997736e-01 0.000000000000000000e+00
2.126921405089584050e-01 5.000000000000000000e-01 -3.027106382613499735e-01 0.000000000000000000e+00
4.349849856781650703e-01 5.000000000000000000e-01 -3.477961360305849570e-01 0.000000000000000000e+00
1.752349798278641513e-01 5.000000000000000000e-01 7.909211748915043749e-01 0.000000000000000000e+00
6.499761650504463084e-01 5.000000000000000000e-01 -4.133217692129366183e-01 0.000000000000000000e+00
3.700184212621584479e-01 5.000000000000000000e-01 -5.629102102270854280e-01 0.000000000000000000e+00
5.296493679656820719e-01 5.000000000000000000e-01 -1.143016986662793583e-01 0.000000000000000000e+00
4.625420694641804720e-01 5.000000000000000000e-01 4.586626740266556701e-01 0.000000000000000000e+00
4.462849692770837901e-02 5.000000000000000000e-01 -3.300846641959923056e-01 0.000000000000000000e+00
7.094151440678376774e-01 5.000000000000000000e-01 -8.853945915343028328e-02 0.000000000000000000e+00
6.885839475848699598e-01 5.000000000000000000e-01 -1.040051610531894433e+00 0.000000000000000000e+00
5.543157424911906439e-01 5.000000000000000000e-01 -1.283915496400449996e+00 0.000000000000000000e+00
4.494957246899146108e-01 5.000000000000000000e-01 1.185283215875125196e+00 0.000000000000000000e+00
4.543004095441845469e-01 5.000000000000000000e-01 -1.308093704160933068e+00 0.000000000000000000e+00
5.744106004531338572e-01 5.000000000000000000e-01 1.268780404778567794e+00 0.000000000000000000e+00
4.822155993395780271e-01 5.000000000000000000e-01 -1.156991253697169791e-02 0.000000000000000000e+00
2.645716142414555883e-01 5.000000000000000000e-01 -1.134612965826142128e+00 0.000000000000000000e+00
7.387034966698247107e-01 5.000000000000000000e-01 8.329437034399572726e-02 0.000000000000000000e+00
3.568114693317737118e-01 5.000000000000000000e-01 1.950426179922562786e-01 0.000000000000000000e+00
3.918346460642695428e-01 5.000000000000000000e-01 -7.460464782559338426e-01 0.000000000000000000e+00
6.022318035260386671e-01 5.000000000000000000e-01 6.511138600040051738e-01 0.000000000000000000e+00
5.326793569200561906e-01 5.000000000000000000e-01 -5.926444119580806524e-02 0.000000000000000000e+00
7.963905738144310131e-01 5.000000000000000000e-01 -1.400274275053509543e+00 0.000000000000000000e+00
4.789786820442026860e-01 5.000000000000000000e-01 -4.127664133994003448e-01 0.000000000000000000e+00
2.836486080039377633e-01 5.000000000000000000e-01 -1.015145190369826089e-01 0.000000000000000000e+00
4.217907577790473705e-02 5.000000000000000000e-01 -1.117754074160618005e+00 0.000000000000000000e+00
4.318966458497491834e-01 5.000000000000000000e-01 1.857206217845853713e-01 0.000000000000000000e+00
8.726987585231339439e-01 5.000000000000000000e-01 1.052187362315655239e+00 0.000000000000000000e+00
4.435213509578431745e-01 5.000000000000000000e-01 7.731842629496649133e-01 0.000000000000000000e+00
2.550932610541152279e-01 5.000000000000000000e-01 9.671375824084398332e-01 0.000000000000000000e+00
1.431996981184424367e-01 5.000000000000000000e-01 7.087274186321126379e-01 0.000000000000000000e+00
7.989193918895717283e-01 5.000000000000000000e-01 8.319449002677489213e-01 0.000000000000000000e+00
8.643586983724250716e-01 5.000000000000000000e-01 -9.277544693539109266e-01 0.000000000000000000e+00
9.492578863822924706e-01 5.000000000000000000e-01 1.180447984549618745e+00 0.000000000000000000e+00
2.477176241141489099e-01 5.000000000000000000e-01 1.238212753584935877e+00 0.000000000000000000e+00
7.305719005028875612e-01 5.000000000000000000e-01 1.355416561848442614e+00 0.000000000000000000e+00
5.447687849889455008e-02 5.000000000000000000e-01 8.534780686814953665e-02 0.000000000000000000e+00
4.281622578617335639e-01 5.000000000000000000e-01 2.322893906777443451e-01 0.000000000000000000e+00
1.697036998480514203e-01 5.000000000000000000e-01 -1.680311467847169782e-01 0.000000000000000000e+00
2.482279692778298630e-01 5.000000000000000000e-01 9.414864291532349938e-01 0.000000000000000000e+00
2.710186667749533429e-01 5.000000000000000000e-01 1.179551096977983882e+00 0.000000000000000000e+00
6.965561066850282090e-01 5.000000000000000000e-01 2.291950236038112765e-01 0.000000000000000000e+00
6.413225432050114749e-01 5.000000000000000000e-01 -3.456080401745872943e-01 0.000000000000000000e+00
8.561021450618970796e-01 5.000000000000000000e-01 2.371950772727942636e-01 0.000000000000000000e+00
8.779368661364060911e-01 5.000000000000000000e-01 -7.864103899882037840e-01 0.000000000000000000e+00
7.803615975319849740e-01 5.000000000000000000e-01 -1.222415101933700621e+00 0.000000000000000000e+00
6.790483784300671566e-01 5.000000000000000000e-01 7.345767387442729834e-01 0.000000000000000000e+00
9.075376153469785212e-01 5.000000000000000000e-01 -1.285087276285530600e-01 0.000000000000000000e+00
6.067455454392383096e-01 5.000000000000000000e-01 7.226784852357214239e-01 0.000000000000000000e+00
7.746586885469165518e-01 5.000000000000000000e-01 -8.626116396066340064e-01 0.000000000000000000e+00
4.006549419096842590e-01 5.000000000000000000e-01 1.733222353638647073e-01 0.000000000000000000e+00
2.212105525614877499e-01 5.000000000000000000e-01 -5.094571613825720213e-01 0.000000000000000000e+00
7.711475391366076071e-01 5.000000000000000000e-01 -8.704957082009894265e-01 0.000000000000000000e+00
2.333901594798458712e-01 5.000000000000000000e-01 -1.213554915332549555e+00 0.000000000000000000e+00
8.843012228460064295e-01 5.000000000000000000e-01 1.286854506073895343e-01 0.000000000000000000e+00
5.600125244326091822e-01 5.000000000000000000e-01 3.642328252804831190e-01 0.000000000000000000e+00
3.771252150642012690e-01 5.000000000000000000e-01 4.255234485644408815e-02 0.000000000000000000e+00
3.791933568837720925e-01 5.000000000000000000e-01 7.481965931860958818e-01 0.000000000000000000e+00
9.430672993290478701e-01 5.000000000000000000e-01 9.576008902689719937e-01 0.000000000000000000e+00
8.943925197323581155e-01 5.000000000000000000e-01 -3.935046683146971036e-01 0.000000000000000000e+00
2.909961794277388103e-02 5.000000000000000000e-01 3.991773503152681313e-01 0.000000000000000000e+00
1.692755550576790780e-01 5.000000000000000000e-01 -5.042704927818496552e-01 0.000000000000000000e+00
7.748275513610436427e-01 5.000000000000000000e-01 -5.379529409061684087e-01 0.000000000000000000e+00
7.074773354340546661e-01 5.000000000000000000e-01 3.017748204690009484e-01 0.000000000000000000e+00
8.249357696408916585e-01 5.000000000000000000e-01 5.290533769156318122e-01 0.000000000000000000e+00
4.613862657840882009e-01 5.000000000000000000e-01 -2.695087515428096214e-01 0.000000000000000000e+00
5.670885684740514243e-01 5.000000000000000000e-01 7.135813511920222618e-01 0.000000000000000000e+00
5.352116698381409465e-01 5.000000000000000000e-01 -1.626543523853199447e-01 0.000000000000000000e+00
2.616174537480212003e-01 5.000000000000000000e-01 1.692947389543905667e-01 0.000000000000000000e+00
7.816739395945848656e-01 5.000000000000000000e-01 1.162987302560541530e-01 0.000000000000000000e+00
7.017814107344931829e-01 5.000000000000000000e-01 4.218043032721664476e-01 0.000000000000000000e+00
4.107044037966301464e-01 5.000000000000000000e-01 6.093982996643868555e-01 0.000000000000000000e+00
6.329898893477528543e-02 5.000000000000000000e-01 2.689962376531879196e-01 0.000000000000000000e+00
2.934334997655970723e-01 5.000000000000000000e-01 -1.569314064412342113e-01 0.000000000000000000e+00
4.207335657941269069e-01 5.000000000000000000e-01 1.092659612264573088e+00 0.000000000000000000e+00
9.108057850754005536e-01 5.000000000000000000e-01 1.259689477982130490e-01 0.000000000000000000e+00
6.340292438023092947e-01 5.000000000000000000e-01 5.443050639416825431e-01 0.000000000000000000e+00
6.501612982603486302e-01 5.000000000000000000e-01 8.289876007713645190e-02 0.000000000000000000e+00
1.894719899969158350e-01 5.000000000000000000e-01 7.646284994730836448e-01 0.000000000000000000e+00
7.834129279334104412e-01 5.000000000000000000e-01 7.920262218774135055e-03 0.000000000000000000e+00
9.476618531225983189e-01 5.000000000000000000e-01 -9.562919413449543216e-01 0.000000000000000000e+00
9.295405150267742611e-01 5.000000000000000000e-01 9.266415052421561604e-01 0.000000000000000000e+00
8.989557844823888866e-01 5.000000000000000000e-01 -2.270268043673347863e-02 0.000000000000000000e+00
7.506754060347449187e-01 5.000000000000000000e-01 -5.722937675471752306e-03 0.000000000000000000e+00
4.319606820612860165e-01 5.000000000000000000e-01 1.080346082625102788e+00 0.000000000000000000e+00
1.210384173731162971e-01 5.000000000000000000e-01 -9.565140211882723342e-01 0.000000000000000000e+00
8.449873710721145237e-03 5.000000000000000000e-01 -3.887860332109050465e-01 0.000000000000000000e+00
1.759989417562527469e-01 5.000000000000000000e-01 -1.561375466899360132e-01 0.000000000000000000e+00
3.220705606846087643e-01 5.000000000000000000e-01 -7.113313465198910501e-01 0.000000000000000000e+00
3.921002884451040837e-01 5.000000000000000000e-01 1.719097559968928157e-02 0.000000000000000000e+00
7.484725344811858916e-01 5.000000000000000000e-01 -2.776156396506738733e-01 0.000000000000000000e+00
4.542781086286893366e-01 5.000000000000000000e-01 -1.041368158488013229e+00 0.000000000000000000e+00
8.180779925709128486e-01 5.000000000000000000e-01 1.026800995305109154e+00 0.000000000000000000e+00
7.588886045008624848e-01 5.000000000000000000e-01 -6.791516595171112058e-01 0.000000000000000000e+00
7.884993957365193928e-01 5.000000000000000000e-01 5.535253735797288632e-01 0.000000000000000000e+00
2.559395667698555199e-01 5.000000000000000000e-01 6.728764507054055821e-01 0.000000000000000000e+00
9.441169057494998018e-01 5.000000000000000000e-01 5.641797115364004522e-01 0.000000000000000000e+00
2.537140005014904554e-01 5.000000000000000000e-01 7.533024378891982620e-01 0.000000000000000000e+00
6.355894389039593584e-01 5.000000000000000000e-01 9.905917653741753703e-01 0.000000000000000000e+00
4.869907080230797547e-01 5.000000000000000000e-01 -2.557629684753376931e-01 0.000000000000000000e+00
2.782978359567931381e-01 5.000000000000000000e-01 -2.104021005149639689e-01 0.000000000000000000e+00
2.322362141360311827e-01 5.000000000000000000e-01 -2.848512072042914955e-02 0.000000000000000000e+00
4.123684285495961555e-01 5.000000000000000000e-01 -4.501377144136327613e-01 0.000000000000000000e+00
4.775414712920532656e-01 5.000000000000000000e-01 3.650679140729390926e-01 0.000000000000000000e+00
8.018932719164439948e-01 5.000000000000000000e-01 -2.682342591010209443e-01 0.000000000000000000e+00
7.256613549041677214e-01 5.000000000000000000e-01 -5.923124125679525287e-01 0.000000000000000000e+00
7.828207209568402991e-01 5.000000000000000000e-01 -4.561424566113608248e-01 0.000000000000000000e+00
2.364362777952278283e-01 5.000000000000000000e-01 1.058395721120270805e+00 0.000000000000000000e+00
6.996639621680922350e-01 5.000000000000000000e-01 7.250606201301158515e-01 0.000000000000000000e+00
2.772354088876085587e-01 5.000000000000000000e-01 -9.617030257741412402e-01 0.000000000000000000e+00
7.438389050802312052e-01 5.000000000000000000e-01 7.708484782449400718e-01 0.000000000000000000e+00
8.466189769558178924e-01 5.000000000000000000e-01 7.586284675282385370e-01 0.000000000000000000e+00
7.004369541969213131e-01 5.000000000000000000e-01 6.045685120931788559e-01 0.000000000000000000e+00
3.244522073762794445e-01 5.000000000000000000e-01 1.039279368730557707e+00 0.000000000000000000e+00
3.837739244063823052e-01 5.000000000000000000e-01 -3.903185802241449509e-01 0.000000000000000000e+00
7.167900228011858665e-01 5.000000000000000000e-01 -4.354595680148486414e-01 0.000000000000000000e+00
4.681969085039544565e-01 5.000000000000000000e-01 -7.304604338571381028e-01 0.000000000000000000e+00
7.029058549381487220e-01 5.000000000000000000e-01 -5.140800221733436981e-01 0.000000000000000000e+00
6.259458032409153105e-01 5.000000000000000000e-01 7.213513767376489305e-01 0.000000000000000000e+00
8.344962226060868016e-01 5.000000000000000000e-01 5.449162486140086692e-01 0.000000000000000000e+00
7.963222228347431875e-01 5.000000000000000000e-01 1.541191279172059170e-01 0.000000000000000000e+00
6.106615860202646573e-01 5.000000000000000000e-01 6.392493375153784907e-01 0.000000000000000000e+00
1.520754284099467835e-01 5.000000000000000000e-01 -9.681040807418048177e-02 0.000000000000000000e+00
8.256750226573481566e-01 5.000000000000000000e-01 -4.095210747018340758e-01 0.000000000000000000e+00
2.544620033871149989e-01 5.000000000000000000e-01 2.340536002452202058e-01 0.000000000000000000e+00
3.719816430959181353e-01 5.000000000000000000e-01 -9.324369234291762787e-01 0.000000000000000000e+00
8.861187571443432942e-01 5.000000000000000000e-01 9.272776674074479919e-01 0.000000000000000000e+00
5.688963600249790087e-01 5.000000000000000000e-01 -7.492176828533697597e-01 0.000000000000000000e+00
1.120344934098165546e-01 5.000000000000000000e-01 -1.036656080999361684e+00 0.000000000000000000e+00
2.483798127745792672e-01 5.000000000000000000e-01 -9.384617476581295081e-01 0.000000000000000000e+00
9.186542866793155904e-01 5.000000000000000000e-01 7.405967122468215535e-01 0.000000000000000000e+00
6.254039242438008683e-01 5.000000000000000000e-01 9.756786292062781252e-01 0.000000000000000000e+00
6.242419495892317371e-01 5.000000000000000000e-01 1.172460221138905911e+00 0.000000000000000000e+00
9.037694849614917869e-01 5.000000000000000000e-01 -9.041996659470946662e-01 0.000000000000000000e+00
1.183837234519813514e-01 5.000000000000000000e-01 -5.112315715309873054e-01 0.000000000000000000e+00
2.722701827856999213e-01 5.000000000000000000e-01 3.127207703198650601e-01 0.000000000000000000e+00
1.629574302964115207e-01 5.000000000000000000e-01 1.032777174762384398e+00 0.000000000000000000e+00
2.332416907239076576e-01 5.000000000000000000e-01 1.192893594554368664e-01 0.000000000000000000e+00
6.846439737148531934e-01 5.000000000000000000e-01 1.025714237817023644e+00 0.000000000000000000e+00
5.619786768173657965e-01 5.000000000000000000e-01 -1.229895355182761163e+00 0.000000000000000000e+00
1.277922305163887717e-01 5.000000000000000000e-01 3.719939715795570478e-01 0.000000000000000000e+00
7.605146763531489551e-01 5.000000000000000000e-01 8.563252256239151095e-01 0.000000000000000000e+00
5.213684558422997384e-01 5.000000000000000000e-01 9.355087938711197093e-02 0.000000000000000000e+00
2.839370635434603218e-01 5.000000000000000000e-01 5.721161044692399944e-01 0.000000000000000000e+00
6.387350312485682302e-01 5.000000000000000000e-01 -1.104528549548292826e+00 0.000000000000000000e+00
3.613469579210327742e-01 5.000000000000000000e-01 -2.133399802284052238e-01 0.000000000000000000e+00
6.470658688086822208e-01 5.000000000000000000e-01 4.843361683078910018e-01 0.000000000000000000e+00
6.865544685063014185e-01 5.000000000000000000e-01 -4.166445949584598463e-01 0.000000000000000000e+00
2.881845842050362871e-01 5.000000000000000000e-01 4.442685278408972094e-01 0.000000000000000000e+00
4.991940189485888912e-01 5.000000000000000000e-01 5.589332930423320800e-01 0.000000000000000000e+00
5.391341882108120487e-01 5.000000000000000000e-01 -6.930863384128757021e-01 0.000000000000000000e+00
3.293518365647683521e-01 5.000000000000000000e-01 -9.017057554674700048e-01 0.000000000000000000e+00
9.294273637220588080e-01 5.000000000000000000e-01 8.714227070839052347e-01 0.000000000000000000e+00
6.102036278467196651e-01 5.000000000000000000e-01 1.040665620950702724e-01 0.000000000000000000e+00
5.400866376493715926e-01 5.000000000000000000e-01 -1.018529868043273279e+00 0.000000000000000000e+00
7.288179291127410142e-01 5.000000000000000000e-01 -2.689173252237566092e-01 0.000000000000000000e+00
6.248518604261557030e-01 5.000000000000000000e-01 1.354829565598616892e+00 0.000000000000000000e+00
5.181175897489578852e-02 5.000000000000000000e-01 9.205811195565694049e-01 0.000000000000000000e+00
8.596843051687708126e-01 5.000000000000000000e-01 1.265628433829855570e+00 0.000000000000000000e+00
1.526585197235858504e-01 5.000000000000000000e-01 5.559189455364204058e-01 0.000000000000000000e+00
9.472812593883345178e-01 5.000000000000000000e-01 -2.187341848590824700e-01 0.000000000000000000e+00
1.629157893062326556e-01 5.000000000000000000e-01 -6.003628866078336568e-01 0.000000000000000000e+00
4.963300523395102193e-01 5.000000000000000000e-01 -5.685775880017710504e-01 0.000000000000000000e+00
8.403894634117050622e-01 5.000000000000000000e-01 -5.981508140027705922e-01 0.000000000000000000e+00
1.279067471056755667e-01 5.000000000000000000e-01 1.232102161932069062e-01 0.000000000000000000e+00
9.238135414389462285e-01 5.000000000000000000e-01 -7.026330392338488995e-01 0.000000000000000000e+00
7.270379955042652886e-01 5.000000000000000000e-01 -1.026436442755551237e+00 0.000000000000000000e+00
1.566341884942766827e-01 5.000000000000000000e-01 -4.614089282342038745e-01 0.000000000000000000e+00
6.082864246155748056e-01 5.000000000000000000e-01 -5.988799535412230313e-01 0.000000000000000000e+00
2.666053734559246657e-01 5.000000000000000000e-01 -4.002823866441374001e-01 0.000000000000000000e+00
1.211538048784367438e-01 5.000000000000000000e-01 -1.604558854880155372e-01 0.000000000000000000e+00
2.726332227974683775e-01 5.000000000000000000e-01 -1.031800326635043730e+00 0.000000000000000000e+00
6.594602682651398151e-01 5.000000000000000000e-01 2.162730050731257458e-01 0.000000000000000000e+00
6.137959102842301951e-01 5.000000000000000000e-01 -3.455463811878362601e-01 0.000000000000000000e+00
3.973517105378592817e-01 5.000000000000000000e-01 7.646193052986169914e-01 0.000000000000000000e+00
4.824786572858143496e-01 5.000000000000000000e-01 8.270273260745744093e-01 0.000000000000000000e+00
2.510224376165169913e-01 5.000000000000000000e-01 -3.769432710273254439e-02 0.000000000000000000e+00
3.441231258619277811e-01 5.000000000000000000e-01 -5.804986798251748903e-01 0.000000000000000000e+00
9.464298278080478521e-01 5.000000000000000000e-01 5.253687862885483284e-01 0.000000000000000000e+00
7.011041535812800873e-01 5.000000000000000000e-01 9.897331337993336975e-01 0.000000000000000000e+00
2.740252032950035721e-01 5.000000000000000000e-01 2.501319395840816417e-01 0.000000000000000000e+00
7.067226977702477653e-01 5.000000000000000000e-01 -1.610304809733321962e-01 0.000000000000000000e+00
6.135300479965155596e-01 5.000000000000000000e-01 1.813460293573013749e-01 0.000000000000000000e+00
8.759530812417008760e-02 5.000000000000000000e-01 6.998305259661805056e-02 0.000000000000000000e+00
7.255169073841134519e-01 5.000000000000000000e-01 1.097239080181540594e+00 0.000000000000000000e+00
6.315300103541094945e-01 5.000000000000000000e-01 8.031412640937019010e-01 0.000000000000000000e+00
8.683072418278290350e-01 5.000000000000000000e-01 2.993101060578950423e-01 0.000000000000000000e+00
1.663095484264468238e-01 5.000000000000000000e-01 1.216609812878790109e+00 0.000000000000000000e+00
6.902652644298520879e-02 5.000000000000000000e-01 1.359830539766215374e+00 0.000000000000000000e+00
1.740521484965187882e-01 5.000000000000000000e-01 7.587343270149062846e-01 0.000000000000000000e+00
5.352391140140639880e-01 5.000000000000000000e-01 -2.555145861126391083e-01 0.000000000000000000e+00
3.528423810225423951e-01 5.000000000000000000e-01 5.324413757115232793e-01 0.000000000000000000e+00
6.753503667000649857e-01 5.000000000000000000e-01 -7.602789320422345676e-02 0.000000000000000000e+00
2.293422877660878934e-01 5.000000000000000000e-01 5.802364950885101624e-01 0.000000000000000000e+00
6.632425218775770404e-01 5.000000000000000000e-01 -1.387879908710096255e-01 0.000000000000000000e+00
1.559423659121539352e-01 5.000000000000000000e-01 -7.130310639424966013e-01 0.000000000000000000e+00
6.390538543045414244e-01 5.000000000000000000e-01 -5.316484025299152982e-01 0.000000000000000000e+00
6.417464254127863699e-01 5.000000000000000000e-01 1.096918645341752763e+00 0.000000000000000000e+00
3.106234117488801405e-01 5.000000000000000000e-01 -1.299470735798279541e+00 0.000000000000000000e+00
5.691634903715214744e-01 5.000000000000000000e-01 -9.657057177706848128e-01 0.000000000000000000e+00
8.379922092534289879e-01 5.000000000000000000e-01 3.994970645825620670e-01 0.000000000000000000e+00
7.252497910406539017e-01 5.000000000000000000e-01 -9.484629675795830384e-01 0.000000000000000000e+00
3.641901397130494211e-01 5.000000000000000000e-01 1.133584320227031261e+00 0.000000000000000000e+00
2.719733488787561826e-01 5.000000000000000000e-01 -3.021147470058985207e-01 0.000000000000000000e+00
1.420994946641475354e-01 5.000000000000000000e-01 -9.865606471627690333e-01 0.000000000000000000e+00
6.816999424873071423e-01 5.000000000000000000e-01 -1.048271421819582550e+00 0.000000000000000000e+00
3.392457046758411421e-01 5.000000000000000000e-01 -9.940826036983745340e-01 0.000000000000000000e+00
5.434821213285918606e-01 5.000000000000000000e-01 -7.491948315614782583e-01 0.000000000000000000e+00
6.719975908929582964e-01 5.000000000000000000e-01 1.151130899429558818e+00 0.000000000000000000e+00
8.071075422083379136e-01 5.000000000000000000e-01 -7.820084166295809824e-01 0.000000000000000000e+00
1.287717560878633705e-01 5.000000000000000000e-01 -1.242872198413998319e+00 0.000000000000000000e+00
5.195463370696979943e-01 5.000000000000000000e-01 -5.346664192369551261e-01 0.000000000000000000e+00
6.682418086369017463e-01 5.000000000000000000e-01 -1.199184148424442764e+00 0.000000000000000000e+00
8.153250626278527591e-01 5.000000000000000000e-01 1.390250537692747923e-01 0.000000000000000000e+00
1.120865690682754656e-01 5.000000000000000000e-01 3.322940769366718172e-02 0.000000000000000000e+00
8.115836708235082408e-01 5.000000000000000000e-01 3.621308430589084137e-01 0.000000000000000000e+00
3.079433678629420745e-01 5.000000000000000000e-01 1.028990473053359223e+00 0.000000000000000000e+00
9.669631385803847401e-01 5.000000000000000000e-01 -1.207823129658883721e+00 0.000000000000000000e+00
1.579014342672735993e-01 5.000000000000000000e-01 -1.166967729855850511e+00 0.000000000000000000e+00
9.904148655770713683e-01 5.000000000000000000e-01 -7.407997090736831436e-02 0.000000000000000000e+00
2.485669294555676034e-01 5.000000000000000000e-01 6.452084855882382897e-01 0.000000000000000000e+00
5.267068410454706084e-01 5.000000000000000000e-01 3.500933874663590961e-01 0.000000000000000000e+00
1.978954347862955099e-01 5.000000000000000000e-01 4.132285474646356649e-01 0.000000000000000000e+00
7.383563835927156038e-01 5.000000000000000000e-01 -4.398096754850900902e-01 0.000000000000000000e+00
1.748436763607553457e-01 5.000000000000000000e-01 -1.032757853502558776e+00 0.000000000000000000e+00
7.726521106127219873e-01 5.000000000000000000e-01 5.296528521757505326e-01 0.000000000000000000e+00
1.906051653357209164e-01 5.000000000000000000e-01 1.525762340779654447e-02 0.000000000000000000e+00
8.343528085633552527e-01 5.000000000000000000e-01 -5.080059057324213256e-01 0.000000000000000000e+00
4.342806057946257958e-01 5.000000000000000000e-01 4.150925729470030801e-01 0.000000000000000000e+00
1.947865481237254226e-01 5.000000000000000000e-01 1.142792794887198760e+00 0.000000000000000000e+00
5.888702293481680172e-01 5.000000000000000000e-01 -1.318824807286208545e+00 0.000000000000000000e+00
7.698556925012237651e-01 5.000000000000000000e-01 3.197398418837164025e-01 0.000000000000000000e+00
8.664971318641835618e-02 5.000000000000000000e-01 -1.198866538762517919e+00 0.000000000000000000e+00
3.943424964391581966e-01 5.000000000000000000e-01 8.360016620248345021e-01 0.000000000000000000e+00
1.592082455667897245e-01 5.000000000000000000e-01 -9.798952512402886450e-01 0.000000000000000000e+00
6.644957527218101623e-01 5.000000000000000000e-01 1.667592389338687364e-01 0.000000000000000000e+00
7.671792556755598902e-01 5.000000000000000000e-01 1.962304489161105781e-01 0.000000000000000000e+00
6.941063219583866184e-01 5.000000000000000000e-01 3.097505715401845938e-01 0.000000000000000000e+00
6.233513536629753382e-01 5.000000000000000000e-01 1.047952174285819327e+00 0.000000000000000000e+00
3.879431348225681475e-02 5.000000000000000000e-01 9.186851357569039145e-01 0.000000000000000000e+00
4.235418674991285881e-01 5.000000000000000000e-01 -2.764271864816835178e-01 0.000000000000000000e+00
3.304793789346026633e-01 5.000000000000000000e-01 1.799613993464569683e-01 0.000000000000000000e+00
1.415624785678887276e-01 5.000000000000000000e-01 2.063143142646367556e-01 0.000000000000000000e+00
8.192739750801143472e-01 5.000000000000000000e-01 1.168620439690872592e+00 0.000000000000000000e+00
1.869083636668005255e-01 5.000000000000000000e-01 -1.339841686911876550e+00 0.000000000000000000e+00
4.962902229332049053e-01 5.000000000000000000e-01 -5.864576508734937743e-01 0.000000000000000000e+00
1.675381716395291931e-01 5.000000000000000000e-01 -9.423451528945978595e-01 0.000000000000000000e+00
3.856837052068570748e-01 5.000000000000000000e-01 -9.923106942023591781e-01 0.000000000000000000e+00
5.797570222691570407e-01 5.000000000000000000e-01 -6.825433621266966400e-01 0.000000000000000000e+00
6.761574087344740525e-01 5.000000000000000000e-01 -8.871545457171212679e-01 0.000000000000000000e+00
1.350886523450293975e-01 5.000000000000000000e-01 -6.805718099676203448e-01 0.000000000000000000e+00
3.833715020990144384e-01 5.000000000000000000e-01 -7.981649857988154517e-01 0.000000000000000000e+00
4.486985961056495498e-01 5.000000000000000000e-01 1.241112121652300893e+00 0.000000000000000000e+00
7.003069224541580429e-01 5.000000000000000000e-01 -1.015864795100142493e+00 0.000000000000000000e+00
5.403665661052572400e-01 5.000000000000000000e-01 -2.249576033238812611e-01 0.000000000000000000e+00
4.139947935012605051e-01 5.000000000000000000e-01 -4.244722287709692399e-01 0.000000000000000000e+00
4.312414962405619057e-01 5.000000000000000000e-01 -4.317075055367844971e-01 0.000000000000000000e+00
2.618248462639755636e-01 5.000000000000000000e-01 -9.936063115839652848e-01 0.000000000000000000e+00
1.756820526058400500e-01 5.000000000000000000e-01 6.671396350117886342e-01 0.000000000000000000e+00
8.276439699232902569e-01 5.000000000000000000e-01 -3.643593702050660910e-01 0.000000000000000000e+00
4.903968093479819657e-01 5.000000000000000000e-01 1.545366401382913812e-01 0.000000000000000000e+00
2.681433300300842260e-01 5.000000000000000000e-01 -1.125091187100983436e+00 0.000000000000000000e+00
7.540038276776046544e-01 5.000000000000000000e-01 -5.178672465402551772e-01 0.000000000000000000e+00
8.329029709949811178e-01 5.000000000000000000e-01 7.733609219026432724e-01 0.000000000000000000e+00
7.482115295569320423e-01 5.000000000000000000e-01 7.963633243048149346e-01 0.000000000000000000e+00
4.182140509292840980e-01 5.000000000000000000e-01 -1.074766148611015215e-01 0.000000000000000000e+00
1.754448956600799803e-01 5.000000000000000000e-01 5.563527326442786469e-01 0.000000000000000000e+00
5.125596225327605504e-01 5.000000000000000000e-01 9.122261256486312586e-01 0.000000000000000000e+00
2.897345065192599711e-01 5.000000000000000000e-01 2.331675009168183432e-01 0.000000000000000000e+00
6.481903066589427276e-01 5.000000000000000000e-01 1.052949728549479547e+00 0.000000000000000000e+00
4.418513157329850838e-01 5.000000000000000000e-01 6.672121644295623266e-01 0.000000000000000000e+00
3.287888218722260780e-01 5.000000000000000000e-01 -2.828670432380122057e-01 0.000000000000000000e+00
2.508096315032904422e-01 5.000000000000000000e-01 2.850374756176268232e-01 0.000000000000000000e+00
8.133033638705794433e-01 5.000000000000000000e-01 -9.008953537118427057e-01 0.000000000000000000e+00
5.932961839998971421e-01 5.000000000000000000e-01 -4.273125873089742566e-01 0.000000000000000000e+00
3.137437437975650334e-01 5.000000000000000000e-01 4.855433081526284722e-01 0.000000000000000000e+00
4.447845971808095378e-01 5.000000000000000000e-01 -6.181044324537272594e-01 0.000000000000000000e+00
2.917067596422724951e-01 5.000000000000000000e-01 -8.065542282474100766e-01 0.000000000000000000e+00
7.769668390504131938e-01 5.000000000000000000e-01 3.314336678662534175e-02 0.000000000000000000e+00
6.710238865601710900e-01 5.000000000000000000e-01 2.832309649896310733e-01 0.000000000000000000e+00
7.862264663063476267e-01 5.000000000000000000e-01 -4.121144878978271198e-01 0.000000000000000000e+00
1.399117983989618397e-01 5.000000000000000000e-01 -5.809056612057101887e-01 0.000000000000000000e+00
3.638932050146295727e-01 5.000000000000000000e-01 8.317141832336029106e-01 0.000000000000000000e+00
4.208598587543289082e-01 5.000000000000000000e-01 -1.885384456712634882e-01 0.000000000000000000e+00
8.087672077510456026e-01 5.000000000000000000e-01 4.248230584298660628e-01 0.000000000000000000e+00
6.606611635461722143e-01 5.000000000000000000e-01 4.466840123533176166e-01 0.000000000000000000e+00
4.789404073183938793e-01 5.000000000000000000e-01 6.844307982427710879e-02 0.000000000000000000e+00
9.621241131017069237e-02 5.000000000000000000e-01 -8.593413218641658968e-01 0.000000000000000000e+00
1.406837376949998664e-01 5.000000000000000000e-01 8.836794735632712561e-01 0.000000000000000000e+00
6.532933037453449998e-01 5.000000000000000000e-01 9.420093375505620426e-01 0.000000000000000000e+00
8.619076363259043916e-01 5.000000000000000000e-01 1.178926393697465658e+00 0.000000000000000000e+00
9.009957402306606467e-02 5.000000000000000000e-01 5.143695881793732827e-01 0.000000000000000000e+00
3.328019931072330184e-01 5.000000000000000000e-01 4.536313648275357990e-01 0.000000000000000000e+00
4.887801162392746979e-01 5.000000000000000000e-01 -2.577244295756664361e-02 0.000000000000000000e+00
6.936123766267409119e-01 5.000000000000000000e-01 -1.232114234956319443e+00 0.000000000000000000e+00
8.045747508004501558e-01 5.000000000000000000e-01 -1.040640165898343739e+00 0.000000000000000000e+00
6.659187262312944444e-01 5.000000000000000000e-01 -8.867239880671413665e-01 0.000000000000000000e+00
7.945269266083648807e-01 5.000000000000000000e-01 1.230608167464126712e+00 0.000000000000000000e+00
1.105687891502510206e-01 5.000000000000000000e-01 -6.836769905666421066e-01 0.000000000000000000e+00
2.154368569670564448e-01 5.000000000000000000e-01 2.860203104055983880e-01 0.000000000000000000e+00
5.624006071149655339e-01 5.000000000000000000e-01 2.614768476169558875e-01 0.000000000000000000e+00
9.826185586117888726e-02 5.000000000000000000e-01 -1.386271713741847211e+00 0.000000000000000000e+00
2.072995278075599190e-01 5.000000000000000000e-01 -8.703049515547482962e-01 0.000000000000000000e+00
6.092837468825960112e-01 5.000000000000000000e-01 -6.731790363099989793e-01 0.000000000000000000e+00
9.055502765774486873e-01 5.000000000000000000e-01 8.239436519226819300e-01 0.000000000000000000e+00
1.678884553047918227e-01 5.000000000000000000e-01 -1.084307616949468533e+00 0.000000000000000000e+00
4.897660514990849201e-01 5.000000000000000000e-01 -1.203481946877254849e+00 0.000000000000000000e+00
6.233382580125381711e-01 5.000000000000000000e-01 -1.970165521874149561e-01 0.000000000000000000e+00
6.171332968164486288e-02 5.000000000000000000e-01 -5.434603519142828798e-01 0.000000000000000000e+00
2.247162157741510180e-01 5.000000000000000000e-01 -6.969963892048635090e-01 0.000000000000000000e+00
2.442978173504254946e-01 5.000000000000000000e-01 8.031860088488149696e-01 0.000000000000000000e+00
1.498116614392655255e-01 5.000000000000000000e-01 5.618515321157624420e-01 0.000000000000000000e+00
3.362880781381153983e-01 5.000000000000000000e-01 6.178425838172317830e-01 0.000000000000000000e+00
1.901645389607631020e-01 5.000000000000000000e-01 -9.471921641939695657e-01 0.000000000000000000e+00
1.734856941386189177e-01 5.000000000000000000e-01 2.094370016949270996e-01 0.000000000000000000e+00
8.729927005007587226e-01 5.000000000000000000e-01 1.547815207366674550e-01 0.000000000000000000e+00
6.646825027313717493e-01 5.000000000000000000e-01 -5.904913224763057578e-01 0.000000000000000000e+00
5.797779451637808945e-01 5.000000000000000000e-01 -3.771049041140722147e-01 0.000000000000000000e+00
9.538031501625660047e-01 5.000000000000000000e-01 9.601202730367180971e-01 0.000000000000000000e+00
7.568451388749886100e-01 5.000000000000000000e-01 7.407587401336257482e-01 0.000000000000000000e+00
4.149583117469112237e-01 5.000000000000000000e-01 -1.012451437556871198e-01 0.000000000000000000e+00
2.447114556401647767e-01 5.000000000000000000e-01 1.176453082988875160e-01 0.000000000000000000e+00
2.917712787067484603e-01 5.000000000000000000e-01 -9.873034899028814149e-01 0.000000000000000000e+00
9.478845841536848171e-01 5.000000000000000000e-01 -6.925272792593718529e-01 0.000000000000000000e+00
8.821579025293162513e-01 5.000000000000000000e-01 -6.863382737345009588e-01 0.000000000000000000e+00
5.284396249709814031e-01 5.000000000000000000e-01 -7.459598072181533590e-01 0.000000000000000000e+00
3.860217030128428872e-01 5.000000000000000000e-01 8.650643359492382611e-02 0.000000000000000000e+00
5.161238649034790432e-02 5.000000000000000000e-01 5.090681872456904733e-01 0.000000000000000000e+00
6.038109163239636645e-01 5.000000000000000000e-01 -1.046347120674566922e+00 0.000000000000000000e+00
7.330009786807007988e-01 5.000000000000000000e-01 1.001724993235186378e+00 0.000000000000000000e+00
1.973556771957519218e-01 5.000000000000000000e-01 1.342600547118922183e+00 0.000000000000000000e+00
3.102686458901255384e-01 5.000000000000000000e-01 -2.975460289034522199e-01 0.000000000000000000e+00
5.035919525243008898e-01 5.000000000000000000e-01 3.761304176410553562e-02 0.000000000000000000e+00
8.634746097633781980e-01 5.000000000000000000e-01 1.096821211020276188e+00 0.000000000000000000e+00
2.416464555448918361e-01 5.000000000000000000e-01 -6.995594927624443349e-02 0.000000000000000000e+00
3.118471938296344392e-01 5.000000000000000000e-01 1.287655954819508342e+00 0.000000000000000000e+00
4.786684364784887236e-01 5.000000000000000000e-01 -1.197785557989682115e+00 0.000000000000000000e+00
3.223889360717304142e-01 5.000000000000000000e-01 4.214366950484804697e-01 0.000000000000000000e+00
5.870516892882212678e-01 5.000000000000000000e-01 -4.747910193335971862e-01 0.000000000000000000e+00
4.694950370580804888e-01 5.000000000000000000e-01 -9.459957898984361346e-01 0.000000000000000000e+00
5.053187604231593744e-01 5.000000000000000000e-01 7.427912528807375514e-01 0.000000000000000000e+00
3.969740797505315055e-01 5.000000000000000000e-01 -8.708224636020063247e-01 0.000000000000000000e+00
3.463508215686115221e-01 5.000000000000000000e-01 9.547430308608535476e-01 0.000000000000000000e+00
6.796947068830366812e-01 5.000000000000000000e-01 -5.749905482705595094e-01 0.000000000000000000e+00
7.782077968614441454e-01 5.000000000000000000e-01 2.464416831777358208e-01 0.000000000000000000e+00
4.845074416021565300e-01 5.000000000000000000e-01 -1.280610275638146556e+00 0.000000000000000000e+00
4.080190171960929035e-03 5.000000000000000000e-01 1.983683268894794183e-01 0.000000000000000000e+00
3.345024869477923879e-01 5.000000000000000000e-01 1.786469888478754708e-02 0.000000000000000000e+00
4.134428230917421843e-01 5.000000000000000000e-01 6.696785800289203894e-02 0.000000000000000000e+00
9.175300991411338147e-01 5.000000000000000000e-01 -7.722322827607173978e-03 0.000000000000000000e+00
1.407920053371494729e-01 5.000000000000000000e-01 3.939630005600314733e-01 0.000000000000000000e+00
5.920584348948205733e-01 5.000000000000000000e-01 -9.139343176584058259e-01 0.000000000000000000e+00
